#  E (eV)   dos(E)     Int dos(E) EFermi =   -2.671 eV
 -10.000  0.1048E+01  0.1048E-01
  -9.990  0.1062E+01  0.2110E-01
  -9.980  0.1074E+01  0.3184E-01
  -9.970  0.1082E+01  0.4267E-01
  -9.960  0.1087E+01  0.5354E-01
  -9.950  0.1088E+01  0.6443E-01
  -9.940  0.1085E+01  0.7527E-01
  -9.930  0.1077E+01  0.8604E-01
  -9.920  0.1063E+01  0.9667E-01
  -9.910  0.1045E+01  0.1071E+00
  -9.900  0.1022E+01  0.1173E+00
  -9.890  0.9940E+00  0.1273E+00
  -9.880  0.9627E+00  0.1369E+00
  -9.870  0.9286E+00  0.1462E+00
  -9.860  0.8929E+00  0.1551E+00
  -9.850  0.8569E+00  0.1637E+00
  -9.840  0.8219E+00  0.1719E+00
  -9.830  0.7893E+00  0.1798E+00
  -9.820  0.7605E+00  0.1874E+00
  -9.810  0.7365E+00  0.1948E+00
  -9.800  0.7183E+00  0.2020E+00
  -9.790  0.7064E+00  0.2090E+00
  -9.780  0.7009E+00  0.2160E+00
  -9.770  0.7018E+00  0.2230E+00
  -9.760  0.7083E+00  0.2301E+00
  -9.750  0.7195E+00  0.2373E+00
  -9.740  0.7342E+00  0.2447E+00
  -9.730  0.7508E+00  0.2522E+00
  -9.720  0.7679E+00  0.2599E+00
  -9.710  0.7839E+00  0.2677E+00
  -9.700  0.7974E+00  0.2757E+00
  -9.690  0.8072E+00  0.2837E+00
  -9.680  0.8125E+00  0.2919E+00
  -9.670  0.8128E+00  0.3000E+00
  -9.660  0.8082E+00  0.3081E+00
  -9.650  0.7988E+00  0.3161E+00
  -9.640  0.7855E+00  0.3239E+00
  -9.630  0.7692E+00  0.3316E+00
  -9.620  0.7510E+00  0.3391E+00
  -9.610  0.7322E+00  0.3464E+00
  -9.600  0.7140E+00  0.3536E+00
  -9.590  0.6974E+00  0.3606E+00
  -9.580  0.6832E+00  0.3674E+00
  -9.570  0.6722E+00  0.3741E+00
  -9.560  0.6646E+00  0.3808E+00
  -9.550  0.6604E+00  0.3874E+00
  -9.540  0.6597E+00  0.3940E+00
  -9.530  0.6621E+00  0.4006E+00
  -9.520  0.6674E+00  0.4073E+00
  -9.510  0.6750E+00  0.4140E+00
  -9.500  0.6850E+00  0.4209E+00
  -9.490  0.6970E+00  0.4278E+00
  -9.480  0.7112E+00  0.4349E+00
  -9.470  0.7278E+00  0.4422E+00
  -9.460  0.7471E+00  0.4497E+00
  -9.450  0.7696E+00  0.4574E+00
  -9.440  0.7956E+00  0.4653E+00
  -9.430  0.8254E+00  0.4736E+00
  -9.420  0.8594E+00  0.4822E+00
  -9.410  0.8973E+00  0.4912E+00
  -9.400  0.9390E+00  0.5005E+00
  -9.390  0.9838E+00  0.5104E+00
  -9.380  0.1031E+01  0.5207E+00
  -9.370  0.1079E+01  0.5315E+00
  -9.360  0.1127E+01  0.5428E+00
  -9.350  0.1174E+01  0.5545E+00
  -9.340  0.1217E+01  0.5667E+00
  -9.330  0.1256E+01  0.5792E+00
  -9.320  0.1290E+01  0.5921E+00
  -9.310  0.1317E+01  0.6053E+00
  -9.300  0.1338E+01  0.6187E+00
  -9.290  0.1352E+01  0.6322E+00
  -9.280  0.1359E+01  0.6458E+00
  -9.270  0.1360E+01  0.6594E+00
  -9.260  0.1354E+01  0.6729E+00
  -9.250  0.1344E+01  0.6864E+00
  -9.240  0.1329E+01  0.6997E+00
  -9.230  0.1310E+01  0.7128E+00
  -9.220  0.1289E+01  0.7256E+00
  -9.210  0.1265E+01  0.7383E+00
  -9.200  0.1239E+01  0.7507E+00
  -9.190  0.1211E+01  0.7628E+00
  -9.180  0.1180E+01  0.7746E+00
  -9.170  0.1148E+01  0.7861E+00
  -9.160  0.1113E+01  0.7972E+00
  -9.150  0.1077E+01  0.8080E+00
  -9.140  0.1037E+01  0.8183E+00
  -9.130  0.9959E+00  0.8283E+00
  -9.120  0.9526E+00  0.8378E+00
  -9.110  0.9078E+00  0.8469E+00
  -9.100  0.8623E+00  0.8555E+00
  -9.090  0.8171E+00  0.8637E+00
  -9.080  0.7731E+00  0.8714E+00
  -9.070  0.7316E+00  0.8787E+00
  -9.060  0.6936E+00  0.8857E+00
  -9.050  0.6605E+00  0.8923E+00
  -9.040  0.6332E+00  0.8986E+00
  -9.030  0.6128E+00  0.9047E+00
  -9.020  0.5999E+00  0.9107E+00
  -9.010  0.5951E+00  0.9167E+00
  -9.000  0.5986E+00  0.9227E+00
  -8.990  0.6104E+00  0.9288E+00
  -8.980  0.6303E+00  0.9351E+00
  -8.970  0.6576E+00  0.9417E+00
  -8.960  0.6916E+00  0.9486E+00
  -8.950  0.7311E+00  0.9559E+00
  -8.940  0.7750E+00  0.9636E+00
  -8.930  0.8220E+00  0.9719E+00
  -8.920  0.8707E+00  0.9806E+00
  -8.910  0.9195E+00  0.9898E+00
  -8.900  0.9672E+00  0.9994E+00
  -8.890  0.1012E+01  0.1010E+01
  -8.880  0.1054E+01  0.1020E+01
  -8.870  0.1091E+01  0.1031E+01
  -8.860  0.1122E+01  0.1042E+01
  -8.850  0.1148E+01  0.1054E+01
  -8.840  0.1167E+01  0.1065E+01
  -8.830  0.1180E+01  0.1077E+01
  -8.820  0.1187E+01  0.1089E+01
  -8.810  0.1187E+01  0.1101E+01
  -8.800  0.1182E+01  0.1113E+01
  -8.790  0.1172E+01  0.1124E+01
  -8.780  0.1158E+01  0.1136E+01
  -8.770  0.1139E+01  0.1147E+01
  -8.760  0.1117E+01  0.1159E+01
  -8.750  0.1093E+01  0.1170E+01
  -8.740  0.1065E+01  0.1180E+01
  -8.730  0.1036E+01  0.1191E+01
  -8.720  0.1005E+01  0.1201E+01
  -8.710  0.9722E+00  0.1210E+01
  -8.700  0.9386E+00  0.1220E+01
  -8.690  0.9044E+00  0.1229E+01
  -8.680  0.8701E+00  0.1237E+01
  -8.670  0.8365E+00  0.1246E+01
  -8.660  0.8043E+00  0.1254E+01
  -8.650  0.7744E+00  0.1262E+01
  -8.640  0.7479E+00  0.1269E+01
  -8.630  0.7258E+00  0.1276E+01
  -8.620  0.7092E+00  0.1283E+01
  -8.610  0.6989E+00  0.1290E+01
  -8.600  0.6958E+00  0.1297E+01
  -8.590  0.7002E+00  0.1304E+01
  -8.580  0.7123E+00  0.1312E+01
  -8.570  0.7318E+00  0.1319E+01
  -8.560  0.7579E+00  0.1326E+01
  -8.550  0.7895E+00  0.1334E+01
  -8.540  0.8249E+00  0.1343E+01
  -8.530  0.8623E+00  0.1351E+01
  -8.520  0.8994E+00  0.1360E+01
  -8.510  0.9339E+00  0.1370E+01
  -8.500  0.9635E+00  0.1379E+01
  -8.490  0.9861E+00  0.1389E+01
  -8.480  0.9999E+00  0.1399E+01
  -8.470  0.1003E+01  0.1409E+01
  -8.460  0.9953E+00  0.1419E+01
  -8.450  0.9755E+00  0.1429E+01
  -8.440  0.9442E+00  0.1438E+01
  -8.430  0.9020E+00  0.1447E+01
  -8.420  0.8502E+00  0.1456E+01
  -8.410  0.7905E+00  0.1464E+01
  -8.400  0.7249E+00  0.1471E+01
  -8.390  0.6559E+00  0.1477E+01
  -8.380  0.5858E+00  0.1483E+01
  -8.370  0.5171E+00  0.1488E+01
  -8.360  0.4522E+00  0.1493E+01
  -8.350  0.3930E+00  0.1497E+01
  -8.340  0.3416E+00  0.1500E+01
  -8.330  0.2994E+00  0.1503E+01
  -8.320  0.2673E+00  0.1506E+01
  -8.310  0.2462E+00  0.1508E+01
  -8.300  0.2362E+00  0.1511E+01
  -8.290  0.2372E+00  0.1513E+01
  -8.280  0.2485E+00  0.1516E+01
  -8.270  0.2691E+00  0.1518E+01
  -8.260  0.2980E+00  0.1521E+01
  -8.250  0.3335E+00  0.1525E+01
  -8.240  0.3741E+00  0.1528E+01
  -8.230  0.4181E+00  0.1533E+01
  -8.220  0.4636E+00  0.1537E+01
  -8.210  0.5091E+00  0.1542E+01
  -8.200  0.5532E+00  0.1548E+01
  -8.190  0.5946E+00  0.1554E+01
  -8.180  0.6324E+00  0.1560E+01
  -8.170  0.6661E+00  0.1567E+01
  -8.160  0.6956E+00  0.1574E+01
  -8.150  0.7212E+00  0.1581E+01
  -8.140  0.7434E+00  0.1588E+01
  -8.130  0.7633E+00  0.1596E+01
  -8.120  0.7821E+00  0.1604E+01
  -8.110  0.8010E+00  0.1612E+01
  -8.100  0.8213E+00  0.1620E+01
  -8.090  0.8444E+00  0.1629E+01
  -8.080  0.8711E+00  0.1637E+01
  -8.070  0.9020E+00  0.1646E+01
  -8.060  0.9374E+00  0.1656E+01
  -8.050  0.9768E+00  0.1665E+01
  -8.040  0.1019E+01  0.1676E+01
  -8.030  0.1064E+01  0.1686E+01
  -8.020  0.1108E+01  0.1697E+01
  -8.010  0.1151E+01  0.1709E+01
  -8.000  0.1189E+01  0.1721E+01
  -7.990  0.1220E+01  0.1733E+01
  -7.980  0.1242E+01  0.1745E+01
  -7.970  0.1253E+01  0.1758E+01
  -7.960  0.1251E+01  0.1770E+01
  -7.950  0.1235E+01  0.1783E+01
  -7.940  0.1205E+01  0.1795E+01
  -7.930  0.1160E+01  0.1806E+01
  -7.920  0.1102E+01  0.1817E+01
  -7.910  0.1032E+01  0.1828E+01
  -7.900  0.9516E+00  0.1837E+01
  -7.890  0.8638E+00  0.1846E+01
  -7.880  0.7713E+00  0.1854E+01
  -7.870  0.6770E+00  0.1860E+01
  -7.860  0.5840E+00  0.1866E+01
  -7.850  0.4953E+00  0.1871E+01
  -7.840  0.4134E+00  0.1875E+01
  -7.830  0.3405E+00  0.1879E+01
  -7.820  0.2784E+00  0.1881E+01
  -7.810  0.2284E+00  0.1884E+01
  -7.800  0.1909E+00  0.1886E+01
  -7.790  0.1661E+00  0.1887E+01
  -7.780  0.1533E+00  0.1889E+01
  -7.770  0.1516E+00  0.1890E+01
  -7.760  0.1596E+00  0.1892E+01
  -7.750  0.1754E+00  0.1894E+01
  -7.740  0.1971E+00  0.1896E+01
  -7.730  0.2228E+00  0.1898E+01
  -7.720  0.2504E+00  0.1900E+01
  -7.710  0.2783E+00  0.1903E+01
  -7.700  0.3047E+00  0.1906E+01
  -7.690  0.3284E+00  0.1910E+01
  -7.680  0.3487E+00  0.1913E+01
  -7.670  0.3651E+00  0.1917E+01
  -7.660  0.3776E+00  0.1920E+01
  -7.650  0.3865E+00  0.1924E+01
  -7.640  0.3927E+00  0.1928E+01
  -7.630  0.3972E+00  0.1932E+01
  -7.620  0.4013E+00  0.1936E+01
  -7.610  0.4063E+00  0.1940E+01
  -7.600  0.4136E+00  0.1944E+01
  -7.590  0.4244E+00  0.1949E+01
  -7.580  0.4399E+00  0.1953E+01
  -7.570  0.4608E+00  0.1958E+01
  -7.560  0.4876E+00  0.1963E+01
  -7.550  0.5205E+00  0.1968E+01
  -7.540  0.5590E+00  0.1973E+01
  -7.530  0.6026E+00  0.1979E+01
  -7.520  0.6503E+00  0.1986E+01
  -7.510  0.7006E+00  0.1993E+01
  -7.500  0.7523E+00  0.2000E+01
  -7.490  0.8035E+00  0.2008E+01
  -7.480  0.8528E+00  0.2017E+01
  -7.470  0.8986E+00  0.2026E+01
  -7.460  0.9396E+00  0.2035E+01
  -7.450  0.9744E+00  0.2045E+01
  -7.440  0.1002E+01  0.2055E+01
  -7.430  0.1023E+01  0.2065E+01
  -7.420  0.1036E+01  0.2076E+01
  -7.410  0.1041E+01  0.2086E+01
  -7.400  0.1038E+01  0.2096E+01
  -7.390  0.1029E+01  0.2107E+01
  -7.380  0.1014E+01  0.2117E+01
  -7.370  0.9940E+00  0.2127E+01
  -7.360  0.9695E+00  0.2137E+01
  -7.350  0.9418E+00  0.2146E+01
  -7.340  0.9117E+00  0.2155E+01
  -7.330  0.8802E+00  0.2164E+01
  -7.320  0.8479E+00  0.2172E+01
  -7.310  0.8156E+00  0.2181E+01
  -7.300  0.7837E+00  0.2188E+01
  -7.290  0.7527E+00  0.2196E+01
  -7.280  0.7229E+00  0.2203E+01
  -7.270  0.6945E+00  0.2210E+01
  -7.260  0.6677E+00  0.2217E+01
  -7.250  0.6425E+00  0.2223E+01
  -7.240  0.6190E+00  0.2229E+01
  -7.230  0.5972E+00  0.2235E+01
  -7.220  0.5769E+00  0.2241E+01
  -7.210  0.5583E+00  0.2247E+01
  -7.200  0.5411E+00  0.2252E+01
  -7.190  0.5255E+00  0.2257E+01
  -7.180  0.5112E+00  0.2262E+01
  -7.170  0.4983E+00  0.2267E+01
  -7.160  0.4866E+00  0.2272E+01
  -7.150  0.4762E+00  0.2277E+01
  -7.140  0.4669E+00  0.2282E+01
  -7.130  0.4586E+00  0.2286E+01
  -7.120  0.4511E+00  0.2291E+01
  -7.110  0.4442E+00  0.2295E+01
  -7.100  0.4377E+00  0.2300E+01
  -7.090  0.4311E+00  0.2304E+01
  -7.080  0.4243E+00  0.2308E+01
  -7.070  0.4169E+00  0.2312E+01
  -7.060  0.4088E+00  0.2316E+01
  -7.050  0.3997E+00  0.2320E+01
  -7.040  0.3895E+00  0.2324E+01
  -7.030  0.3785E+00  0.2328E+01
  -7.020  0.3669E+00  0.2332E+01
  -7.010  0.3551E+00  0.2335E+01
  -7.000  0.3437E+00  0.2339E+01
  -6.990  0.3336E+00  0.2342E+01
  -6.980  0.3257E+00  0.2345E+01
  -6.970  0.3210E+00  0.2349E+01
  -6.960  0.3204E+00  0.2352E+01
  -6.950  0.3250E+00  0.2355E+01
  -6.940  0.3355E+00  0.2358E+01
  -6.930  0.3527E+00  0.2362E+01
  -6.920  0.3770E+00  0.2366E+01
  -6.910  0.4084E+00  0.2370E+01
  -6.900  0.4468E+00  0.2374E+01
  -6.890  0.4917E+00  0.2379E+01
  -6.880  0.5421E+00  0.2385E+01
  -6.870  0.5970E+00  0.2391E+01
  -6.860  0.6550E+00  0.2397E+01
  -6.850  0.7143E+00  0.2404E+01
  -6.840  0.7732E+00  0.2412E+01
  -6.830  0.8299E+00  0.2420E+01
  -6.820  0.8825E+00  0.2429E+01
  -6.810  0.9291E+00  0.2438E+01
  -6.800  0.9682E+00  0.2448E+01
  -6.790  0.9982E+00  0.2458E+01
  -6.780  0.1018E+01  0.2468E+01
  -6.770  0.1027E+01  0.2479E+01
  -6.760  0.1024E+01  0.2489E+01
  -6.750  0.1010E+01  0.2499E+01
  -6.740  0.9836E+00  0.2509E+01
  -6.730  0.9469E+00  0.2518E+01
  -6.720  0.9004E+00  0.2527E+01
  -6.710  0.8455E+00  0.2536E+01
  -6.700  0.7838E+00  0.2543E+01
  -6.690  0.7172E+00  0.2551E+01
  -6.680  0.6475E+00  0.2557E+01
  -6.670  0.5768E+00  0.2563E+01
  -6.660  0.5070E+00  0.2568E+01
  -6.650  0.4399E+00  0.2572E+01
  -6.640  0.3772E+00  0.2576E+01
  -6.630  0.3203E+00  0.2579E+01
  -6.620  0.2701E+00  0.2582E+01
  -6.610  0.2274E+00  0.2584E+01
  -6.600  0.1925E+00  0.2586E+01
  -6.590  0.1655E+00  0.2588E+01
  -6.580  0.1461E+00  0.2589E+01
  -6.570  0.1339E+00  0.2591E+01
  -6.560  0.1281E+00  0.2592E+01
  -6.550  0.1280E+00  0.2593E+01
  -6.540  0.1329E+00  0.2595E+01
  -6.530  0.1419E+00  0.2596E+01
  -6.520  0.1546E+00  0.2598E+01
  -6.510  0.1705E+00  0.2599E+01
  -6.500  0.1892E+00  0.2601E+01
  -6.490  0.2107E+00  0.2603E+01
  -6.480  0.2351E+00  0.2606E+01
  -6.470  0.2627E+00  0.2608E+01
  -6.460  0.2936E+00  0.2611E+01
  -6.450  0.3283E+00  0.2614E+01
  -6.440  0.3671E+00  0.2618E+01
  -6.430  0.4100E+00  0.2622E+01
  -6.420  0.4571E+00  0.2627E+01
  -6.410  0.5081E+00  0.2632E+01
  -6.400  0.5626E+00  0.2637E+01
  -6.390  0.6197E+00  0.2644E+01
  -6.380  0.6784E+00  0.2650E+01
  -6.370  0.7374E+00  0.2658E+01
  -6.360  0.7952E+00  0.2666E+01
  -6.350  0.8503E+00  0.2674E+01
  -6.340  0.9010E+00  0.2683E+01
  -6.330  0.9459E+00  0.2693E+01
  -6.320  0.9834E+00  0.2703E+01
  -6.310  0.1013E+01  0.2713E+01
  -6.300  0.1032E+01  0.2723E+01
  -6.290  0.1042E+01  0.2733E+01
  -6.280  0.1042E+01  0.2744E+01
  -6.270  0.1033E+01  0.2754E+01
  -6.260  0.1015E+01  0.2764E+01
  -6.250  0.9889E+00  0.2774E+01
  -6.240  0.9566E+00  0.2784E+01
  -6.230  0.9195E+00  0.2793E+01
  -6.220  0.8792E+00  0.2802E+01
  -6.210  0.8375E+00  0.2810E+01
  -6.200  0.7959E+00  0.2818E+01
  -6.190  0.7558E+00  0.2826E+01
  -6.180  0.7184E+00  0.2833E+01
  -6.170  0.6844E+00  0.2840E+01
  -6.160  0.6545E+00  0.2846E+01
  -6.150  0.6289E+00  0.2853E+01
  -6.140  0.6073E+00  0.2859E+01
  -6.130  0.5894E+00  0.2865E+01
  -6.120  0.5746E+00  0.2870E+01
  -6.110  0.5621E+00  0.2876E+01
  -6.100  0.5510E+00  0.2881E+01
  -6.090  0.5406E+00  0.2887E+01
  -6.080  0.5301E+00  0.2892E+01
  -6.070  0.5189E+00  0.2897E+01
  -6.060  0.5065E+00  0.2902E+01
  -6.050  0.4928E+00  0.2907E+01
  -6.040  0.4778E+00  0.2912E+01
  -6.030  0.4618E+00  0.2917E+01
  -6.020  0.4451E+00  0.2921E+01
  -6.010  0.4284E+00  0.2925E+01
  -6.000  0.4125E+00  0.2930E+01
  -5.990  0.3981E+00  0.2934E+01
  -5.980  0.3860E+00  0.2937E+01
  -5.970  0.3769E+00  0.2941E+01
  -5.960  0.3716E+00  0.2945E+01
  -5.950  0.3704E+00  0.2949E+01
  -5.940  0.3737E+00  0.2952E+01
  -5.930  0.3814E+00  0.2956E+01
  -5.920  0.3934E+00  0.2960E+01
  -5.910  0.4092E+00  0.2964E+01
  -5.900  0.4281E+00  0.2968E+01
  -5.890  0.4491E+00  0.2973E+01
  -5.880  0.4713E+00  0.2978E+01
  -5.870  0.4933E+00  0.2983E+01
  -5.860  0.5138E+00  0.2988E+01
  -5.850  0.5318E+00  0.2993E+01
  -5.840  0.5458E+00  0.2998E+01
  -5.830  0.5549E+00  0.3004E+01
  -5.820  0.5582E+00  0.3010E+01
  -5.810  0.5551E+00  0.3015E+01
  -5.800  0.5452E+00  0.3021E+01
  -5.790  0.5286E+00  0.3026E+01
  -5.780  0.5054E+00  0.3031E+01
  -5.770  0.4763E+00  0.3036E+01
  -5.760  0.4420E+00  0.3040E+01
  -5.750  0.4036E+00  0.3044E+01
  -5.740  0.3621E+00  0.3048E+01
  -5.730  0.3188E+00  0.3051E+01
  -5.720  0.2749E+00  0.3054E+01
  -5.710  0.2317E+00  0.3056E+01
  -5.700  0.1904E+00  0.3058E+01
  -5.690  0.1519E+00  0.3059E+01
  -5.680  0.1172E+00  0.3061E+01
  -5.670  0.8684E-01  0.3062E+01
  -5.660  0.6149E-01  0.3062E+01
  -5.650  0.4150E-01  0.3063E+01
  -5.640  0.2711E-01  0.3063E+01
  -5.630  0.1844E-01  0.3063E+01
  -5.620  0.1553E-01  0.3063E+01
  -5.610  0.1833E-01  0.3063E+01
  -5.600  0.2674E-01  0.3064E+01
  -5.590  0.4066E-01  0.3064E+01
  -5.580  0.5992E-01  0.3065E+01
  -5.570  0.8437E-01  0.3065E+01
  -5.560  0.1138E+00  0.3067E+01
  -5.550  0.1480E+00  0.3068E+01
  -5.540  0.1868E+00  0.3070E+01
  -5.530  0.2297E+00  0.3072E+01
  -5.520  0.2763E+00  0.3075E+01
  -5.510  0.3263E+00  0.3078E+01
  -5.500  0.3789E+00  0.3082E+01
  -5.490  0.4334E+00  0.3086E+01
  -5.480  0.4891E+00  0.3091E+01
  -5.470  0.5451E+00  0.3097E+01
  -5.460  0.6003E+00  0.3103E+01
  -5.450  0.6537E+00  0.3109E+01
  -5.440  0.7043E+00  0.3116E+01
  -5.430  0.7511E+00  0.3124E+01
  -5.420  0.7931E+00  0.3132E+01
  -5.410  0.8295E+00  0.3140E+01
  -5.400  0.8595E+00  0.3149E+01
  -5.390  0.8827E+00  0.3157E+01
  -5.380  0.8987E+00  0.3166E+01
  -5.370  0.9074E+00  0.3176E+01
  -5.360  0.9090E+00  0.3185E+01
  -5.350  0.9039E+00  0.3194E+01
  -5.340  0.8926E+00  0.3203E+01
  -5.330  0.8758E+00  0.3211E+01
  -5.320  0.8546E+00  0.3220E+01
  -5.310  0.8300E+00  0.3228E+01
  -5.300  0.8029E+00  0.3236E+01
  -5.290  0.7746E+00  0.3244E+01
  -5.280  0.7461E+00  0.3251E+01
  -5.270  0.7184E+00  0.3259E+01
  -5.260  0.6922E+00  0.3266E+01
  -5.250  0.6684E+00  0.3272E+01
  -5.240  0.6473E+00  0.3279E+01
  -5.230  0.6294E+00  0.3285E+01
  -5.220  0.6148E+00  0.3291E+01
  -5.210  0.6034E+00  0.3297E+01
  -5.200  0.5950E+00  0.3303E+01
  -5.190  0.5893E+00  0.3309E+01
  -5.180  0.5857E+00  0.3315E+01
  -5.170  0.5838E+00  0.3321E+01
  -5.160  0.5829E+00  0.3327E+01
  -5.150  0.5824E+00  0.3332E+01
  -5.140  0.5817E+00  0.3338E+01
  -5.130  0.5799E+00  0.3344E+01
  -5.120  0.5767E+00  0.3350E+01
  -5.110  0.5712E+00  0.3355E+01
  -5.100  0.5632E+00  0.3361E+01
  -5.090  0.5520E+00  0.3367E+01
  -5.080  0.5374E+00  0.3372E+01
  -5.070  0.5190E+00  0.3377E+01
  -5.060  0.4969E+00  0.3382E+01
  -5.050  0.4711E+00  0.3387E+01
  -5.040  0.4416E+00  0.3391E+01
  -5.030  0.4089E+00  0.3395E+01
  -5.020  0.3735E+00  0.3399E+01
  -5.010  0.3360E+00  0.3402E+01
  -5.000  0.2972E+00  0.3405E+01
  -4.990  0.2578E+00  0.3408E+01
  -4.980  0.2189E+00  0.3410E+01
  -4.970  0.1813E+00  0.3412E+01
  -4.960  0.1459E+00  0.3413E+01
  -4.950  0.1137E+00  0.3415E+01
  -4.940  0.8525E-01  0.3415E+01
  -4.930  0.6130E-01  0.3416E+01
  -4.920  0.4226E-01  0.3416E+01
  -4.910  0.2841E-01  0.3417E+01
  -4.900  0.1985E-01  0.3417E+01
  -4.890  0.1649E-01  0.3417E+01
  -4.880  0.1810E-01  0.3417E+01
  -4.870  0.2426E-01  0.3418E+01
  -4.860  0.3445E-01  0.3418E+01
  -4.850  0.4802E-01  0.3418E+01
  -4.840  0.6426E-01  0.3419E+01
  -4.830  0.8243E-01  0.3420E+01
  -4.820  0.1018E+00  0.3421E+01
  -4.810  0.1215E+00  0.3422E+01
  -4.800  0.1410E+00  0.3423E+01
  -4.790  0.1597E+00  0.3425E+01
  -4.780  0.1770E+00  0.3427E+01
  -4.770  0.1926E+00  0.3429E+01
  -4.760  0.2064E+00  0.3431E+01
  -4.750  0.2183E+00  0.3433E+01
  -4.740  0.2285E+00  0.3435E+01
  -4.730  0.2373E+00  0.3438E+01
  -4.720  0.2451E+00  0.3440E+01
  -4.710  0.2527E+00  0.3443E+01
  -4.700  0.2606E+00  0.3445E+01
  -4.690  0.2697E+00  0.3448E+01
  -4.680  0.2807E+00  0.3451E+01
  -4.670  0.2944E+00  0.3454E+01
  -4.660  0.3113E+00  0.3457E+01
  -4.650  0.3321E+00  0.3460E+01
  -4.640  0.3570E+00  0.3464E+01
  -4.630  0.3861E+00  0.3468E+01
  -4.620  0.4193E+00  0.3472E+01
  -4.610  0.4563E+00  0.3476E+01
  -4.600  0.4964E+00  0.3481E+01
  -4.590  0.5389E+00  0.3487E+01
  -4.580  0.5828E+00  0.3493E+01
  -4.570  0.6268E+00  0.3499E+01
  -4.560  0.6698E+00  0.3505E+01
  -4.550  0.7105E+00  0.3513E+01
  -4.540  0.7475E+00  0.3520E+01
  -4.530  0.7795E+00  0.3528E+01
  -4.520  0.8054E+00  0.3536E+01
  -4.510  0.8242E+00  0.3544E+01
  -4.500  0.8350E+00  0.3553E+01
  -4.490  0.8373E+00  0.3561E+01
  -4.480  0.8305E+00  0.3569E+01
  -4.470  0.8146E+00  0.3577E+01
  -4.460  0.7897E+00  0.3585E+01
  -4.450  0.7562E+00  0.3593E+01
  -4.440  0.7147E+00  0.3600E+01
  -4.430  0.6661E+00  0.3607E+01
  -4.420  0.6115E+00  0.3613E+01
  -4.410  0.5522E+00  0.3618E+01
  -4.400  0.4895E+00  0.3623E+01
  -4.390  0.4249E+00  0.3627E+01
  -4.380  0.3599E+00  0.3631E+01
  -4.370  0.2959E+00  0.3634E+01
  -4.360  0.2343E+00  0.3636E+01
  -4.350  0.1763E+00  0.3638E+01
  -4.340  0.1229E+00  0.3639E+01
  -4.330  0.7502E-01  0.3640E+01
  -4.320  0.3314E-01  0.3640E+01
  -4.310 -0.2390E-02  0.3640E+01
  -4.300 -0.3147E-01  0.3640E+01
  -4.290 -0.5424E-01  0.3639E+01
  -4.280 -0.7103E-01  0.3639E+01
  -4.270 -0.8232E-01  0.3638E+01
  -4.260 -0.8871E-01  0.3637E+01
  -4.250 -0.9089E-01  0.3636E+01
  -4.240 -0.8954E-01  0.3635E+01
  -4.230 -0.8538E-01  0.3634E+01
  -4.220 -0.7906E-01  0.3634E+01
  -4.210 -0.7115E-01  0.3633E+01
  -4.200 -0.6216E-01  0.3632E+01
  -4.190 -0.5247E-01  0.3632E+01
  -4.180 -0.4239E-01  0.3631E+01
  -4.170 -0.3210E-01  0.3631E+01
  -4.160 -0.2170E-01  0.3631E+01
  -4.150 -0.1121E-01  0.3631E+01
  -4.140 -0.5981E-03  0.3631E+01
  -4.130  0.1024E-01  0.3631E+01
  -4.120  0.2140E-01  0.3631E+01
  -4.110  0.3300E-01  0.3631E+01
  -4.100  0.4515E-01  0.3632E+01
  -4.090  0.5791E-01  0.3632E+01
  -4.080  0.7130E-01  0.3633E+01
  -4.070  0.8528E-01  0.3634E+01
  -4.060  0.9976E-01  0.3635E+01
  -4.050  0.1145E+00  0.3636E+01
  -4.040  0.1294E+00  0.3637E+01
  -4.030  0.1440E+00  0.3639E+01
  -4.020  0.1579E+00  0.3640E+01
  -4.010  0.1708E+00  0.3642E+01
  -4.000  0.1822E+00  0.3644E+01
  -3.990  0.1917E+00  0.3646E+01
  -3.980  0.1990E+00  0.3648E+01
  -3.970  0.2036E+00  0.3650E+01
  -3.960  0.2052E+00  0.3652E+01
  -3.950  0.2039E+00  0.3654E+01
  -3.940  0.1994E+00  0.3656E+01
  -3.930  0.1919E+00  0.3658E+01
  -3.920  0.1816E+00  0.3660E+01
  -3.910  0.1687E+00  0.3661E+01
  -3.900  0.1537E+00  0.3663E+01
  -3.890  0.1372E+00  0.3664E+01
  -3.880  0.1195E+00  0.3665E+01
  -3.870  0.1014E+00  0.3666E+01
  -3.860  0.8346E-01  0.3667E+01
  -3.850  0.6618E-01  0.3668E+01
  -3.840  0.5012E-01  0.3668E+01
  -3.830  0.3572E-01  0.3669E+01
  -3.820  0.2339E-01  0.3669E+01
  -3.810  0.1342E-01  0.3669E+01
  -3.800  0.6042E-02  0.3669E+01
  -3.790  0.1422E-02  0.3669E+01
  -3.780 -0.3424E-03  0.3669E+01
  -3.770  0.7989E-03  0.3669E+01
  -3.760  0.4862E-02  0.3669E+01
  -3.750  0.1184E-01  0.3669E+01
  -3.740  0.2170E-01  0.3670E+01
  -3.730  0.3440E-01  0.3670E+01
  -3.720  0.4989E-01  0.3670E+01
  -3.710  0.6809E-01  0.3671E+01
  -3.700  0.8888E-01  0.3672E+01
  -3.690  0.1121E+00  0.3673E+01
  -3.680  0.1375E+00  0.3675E+01
  -3.670  0.1648E+00  0.3676E+01
  -3.660  0.1936E+00  0.3678E+01
  -3.650  0.2233E+00  0.3680E+01
  -3.640  0.2534E+00  0.3683E+01
  -3.630  0.2830E+00  0.3686E+01
  -3.620  0.3115E+00  0.3689E+01
  -3.610  0.3379E+00  0.3692E+01
  -3.600  0.3614E+00  0.3696E+01
  -3.590  0.3811E+00  0.3700E+01
  -3.580  0.3961E+00  0.3704E+01
  -3.570  0.4059E+00  0.3708E+01
  -3.560  0.4098E+00  0.3712E+01
  -3.550  0.4076E+00  0.3716E+01
  -3.540  0.3991E+00  0.3720E+01
  -3.530  0.3845E+00  0.3724E+01
  -3.520  0.3641E+00  0.3727E+01
  -3.510  0.3386E+00  0.3731E+01
  -3.500  0.3087E+00  0.3734E+01
  -3.490  0.2755E+00  0.3737E+01
  -3.480  0.2399E+00  0.3739E+01
  -3.470  0.2032E+00  0.3741E+01
  -3.460  0.1664E+00  0.3743E+01
  -3.450  0.1307E+00  0.3744E+01
  -3.440  0.9683E-01  0.3745E+01
  -3.430  0.6572E-01  0.3746E+01
  -3.420  0.3794E-01  0.3746E+01
  -3.410  0.1392E-01  0.3746E+01
  -3.400 -0.6137E-02  0.3746E+01
  -3.390 -0.2219E-01  0.3746E+01
  -3.380 -0.3437E-01  0.3745E+01
  -3.370 -0.4295E-01  0.3745E+01
  -3.360 -0.4830E-01  0.3745E+01
  -3.350 -0.5087E-01  0.3744E+01
  -3.340 -0.5113E-01  0.3744E+01
  -3.330 -0.4957E-01  0.3743E+01
  -3.320 -0.4666E-01  0.3743E+01
  -3.310 -0.4281E-01  0.3742E+01
  -3.300 -0.3842E-01  0.3742E+01
  -3.290 -0.3379E-01  0.3741E+01
  -3.280 -0.2916E-01  0.3741E+01
  -3.270 -0.2474E-01  0.3741E+01
  -3.260 -0.2064E-01  0.3741E+01
  -3.250 -0.1696E-01  0.3741E+01
  -3.240 -0.1372E-01  0.3740E+01
  -3.230 -0.1094E-01  0.3740E+01
  -3.220 -0.8604E-02  0.3740E+01
  -3.210 -0.6672E-02  0.3740E+01
  -3.200 -0.5105E-02  0.3740E+01
  -3.190 -0.3855E-02  0.3740E+01
  -3.180 -0.2873E-02  0.3740E+01
  -3.170 -0.2114E-02  0.3740E+01
  -3.160 -0.1536E-02  0.3740E+01
  -3.150 -0.1102E-02  0.3740E+01
  -3.140 -0.7811E-03  0.3740E+01
  -3.130 -0.5468E-03  0.3740E+01
  -3.120 -0.3780E-03  0.3740E+01
  -3.110 -0.2581E-03  0.3740E+01
  -3.100 -0.1739E-03  0.3740E+01
  -3.090 -0.1154E-03  0.3740E+01
  -3.080 -0.7507E-04  0.3740E+01
  -3.070 -0.4720E-04  0.3740E+01
  -3.060 -0.2757E-04  0.3740E+01
  -3.050 -0.1298E-04  0.3740E+01
  -3.040 -0.8401E-06  0.3740E+01
  -3.030  0.1107E-04  0.3740E+01
  -3.020  0.2494E-04  0.3740E+01
  -3.010  0.4322E-04  0.3740E+01
  -3.000  0.6890E-04  0.3740E+01
  -2.990  0.1059E-03  0.3740E+01
  -2.980  0.1593E-03  0.3740E+01
  -2.970  0.2362E-03  0.3740E+01
  -2.960  0.3458E-03  0.3740E+01
  -2.950  0.5002E-03  0.3740E+01
  -2.940  0.7153E-03  0.3740E+01
  -2.930  0.1011E-02  0.3740E+01
  -2.920  0.1414E-02  0.3740E+01
  -2.910  0.1954E-02  0.3740E+01
  -2.900  0.2670E-02  0.3740E+01
  -2.890  0.3606E-02  0.3740E+01
  -2.880  0.4816E-02  0.3740E+01
  -2.870  0.6358E-02  0.3740E+01
  -2.860  0.8298E-02  0.3740E+01
  -2.850  0.1071E-01  0.3740E+01
  -2.840  0.1365E-01  0.3741E+01
  -2.830  0.1721E-01  0.3741E+01
  -2.820  0.2144E-01  0.3741E+01
  -2.810  0.2639E-01  0.3741E+01
  -2.800  0.3211E-01  0.3741E+01
  -2.790  0.3861E-01  0.3742E+01
  -2.780  0.4587E-01  0.3742E+01
  -2.770  0.5384E-01  0.3743E+01
  -2.760  0.6243E-01  0.3743E+01
  -2.750  0.7151E-01  0.3744E+01
  -2.740  0.8091E-01  0.3745E+01
  -2.730  0.9040E-01  0.3746E+01
  -2.720  0.9974E-01  0.3747E+01
  -2.710  0.1086E+00  0.3748E+01
  -2.700  0.1168E+00  0.3749E+01
  -2.690  0.1239E+00  0.3750E+01
  -2.680  0.1297E+00  0.3752E+01
  -2.670  0.1339E+00  0.3753E+01
  -2.660  0.1363E+00  0.3754E+01
  -2.650  0.1368E+00  0.3756E+01
  -2.640  0.1352E+00  0.3757E+01
  -2.630  0.1315E+00  0.3758E+01
  -2.620  0.1258E+00  0.3760E+01
  -2.610  0.1183E+00  0.3761E+01
  -2.600  0.1092E+00  0.3762E+01
  -2.590  0.9873E-01  0.3763E+01
  -2.580  0.8730E-01  0.3764E+01
  -2.570  0.7525E-01  0.3765E+01
  -2.560  0.6296E-01  0.3765E+01
  -2.550  0.5079E-01  0.3766E+01
  -2.540  0.3908E-01  0.3766E+01
  -2.530  0.2812E-01  0.3766E+01
  -2.520  0.1816E-01  0.3767E+01
  -2.510  0.9378E-02  0.3767E+01
  -2.500  0.1879E-02  0.3767E+01
  -2.490 -0.4285E-02  0.3767E+01
  -2.480 -0.9126E-02  0.3767E+01
  -2.470 -0.1271E-01  0.3766E+01
  -2.460 -0.1513E-01  0.3766E+01
  -2.450 -0.1654E-01  0.3766E+01
  -2.440 -0.1707E-01  0.3766E+01
  -2.430 -0.1690E-01  0.3766E+01
  -2.420 -0.1619E-01  0.3766E+01
  -2.410 -0.1508E-01  0.3765E+01
  -2.400 -0.1372E-01  0.3765E+01
  -2.390 -0.1221E-01  0.3765E+01
  -2.380 -0.1066E-01  0.3765E+01
  -2.370 -0.9137E-02  0.3765E+01
  -2.360 -0.7700E-02  0.3765E+01
  -2.350 -0.6386E-02  0.3765E+01
  -2.340 -0.5215E-02  0.3765E+01
  -2.330 -0.4195E-02  0.3765E+01
  -2.320 -0.3327E-02  0.3765E+01
  -2.310 -0.2602E-02  0.3765E+01
  -2.300 -0.2007E-02  0.3765E+01
  -2.290 -0.1528E-02  0.3765E+01
  -2.280 -0.1148E-02  0.3765E+01
  -2.270 -0.8510E-03  0.3765E+01
  -2.260 -0.6230E-03  0.3765E+01
  -2.250 -0.4502E-03  0.3765E+01
  -2.240 -0.3211E-03  0.3765E+01
  -2.230 -0.2258E-03  0.3765E+01
  -2.220 -0.1561E-03  0.3765E+01
  -2.210 -0.1054E-03  0.3765E+01
  -2.200 -0.6827E-04  0.3765E+01
  -2.190 -0.4024E-04  0.3765E+01
  -2.180 -0.1750E-04  0.3765E+01
  -2.170  0.3413E-05  0.3765E+01
  -2.160  0.2599E-04  0.3765E+01
  -2.150  0.5420E-04  0.3765E+01
  -2.140  0.9295E-04  0.3765E+01
  -2.130  0.1487E-03  0.3765E+01
  -2.120  0.2301E-03  0.3765E+01
  -2.110  0.3492E-03  0.3765E+01
  -2.100  0.5222E-03  0.3765E+01
  -2.090  0.7712E-03  0.3765E+01
  -2.080  0.1126E-02  0.3765E+01
  -2.070  0.1624E-02  0.3765E+01
  -2.060  0.2316E-02  0.3765E+01
  -2.050  0.3267E-02  0.3765E+01
  -2.040  0.4555E-02  0.3765E+01
  -2.030  0.6280E-02  0.3765E+01
  -2.020  0.8559E-02  0.3765E+01
  -2.010  0.1153E-01  0.3765E+01
  -2.000  0.1536E-01  0.3765E+01
  -1.990  0.2023E-01  0.3765E+01
  -1.980  0.2634E-01  0.3766E+01
  -1.970  0.3390E-01  0.3766E+01
  -1.960  0.4311E-01  0.3766E+01
  -1.950  0.5420E-01  0.3767E+01
  -1.940  0.6735E-01  0.3768E+01
  -1.930  0.8271E-01  0.3768E+01
  -1.920  0.1004E+00  0.3769E+01
  -1.910  0.1204E+00  0.3771E+01
  -1.900  0.1426E+00  0.3772E+01
  -1.890  0.1670E+00  0.3774E+01
  -1.880  0.1931E+00  0.3776E+01
  -1.870  0.2206E+00  0.3778E+01
  -1.860  0.2490E+00  0.3780E+01
  -1.850  0.2774E+00  0.3783E+01
  -1.840  0.3053E+00  0.3786E+01
  -1.830  0.3316E+00  0.3790E+01
  -1.820  0.3556E+00  0.3793E+01
  -1.810  0.3762E+00  0.3797E+01
  -1.800  0.3928E+00  0.3801E+01
  -1.790  0.4045E+00  0.3805E+01
  -1.780  0.4107E+00  0.3809E+01
  -1.770  0.4110E+00  0.3813E+01
  -1.760  0.4053E+00  0.3817E+01
  -1.750  0.3936E+00  0.3821E+01
  -1.740  0.3763E+00  0.3825E+01
  -1.730  0.3538E+00  0.3828E+01
  -1.720  0.3270E+00  0.3832E+01
  -1.710  0.2969E+00  0.3835E+01
  -1.700  0.2647E+00  0.3837E+01
  -1.690  0.2314E+00  0.3840E+01
  -1.680  0.1984E+00  0.3842E+01
  -1.670  0.1669E+00  0.3843E+01
  -1.660  0.1378E+00  0.3845E+01
  -1.650  0.1123E+00  0.3846E+01
  -1.640  0.9100E-01  0.3847E+01
  -1.630  0.7446E-01  0.3847E+01
  -1.620  0.6299E-01  0.3848E+01
  -1.610  0.5666E-01  0.3849E+01
  -1.600  0.5529E-01  0.3849E+01
  -1.590  0.5852E-01  0.3850E+01
  -1.580  0.6577E-01  0.3850E+01
  -1.570  0.7636E-01  0.3851E+01
  -1.560  0.8945E-01  0.3852E+01
  -1.550  0.1042E+00  0.3853E+01
  -1.540  0.1196E+00  0.3854E+01
  -1.530  0.1349E+00  0.3856E+01
  -1.520  0.1491E+00  0.3857E+01
  -1.510  0.1616E+00  0.3859E+01
  -1.500  0.1716E+00  0.3860E+01
  -1.490  0.1787E+00  0.3862E+01
  -1.480  0.1825E+00  0.3864E+01
  -1.470  0.1828E+00  0.3866E+01
  -1.460  0.1796E+00  0.3868E+01
  -1.450  0.1730E+00  0.3869E+01
  -1.440  0.1633E+00  0.3871E+01
  -1.430  0.1510E+00  0.3873E+01
  -1.420  0.1365E+00  0.3874E+01
  -1.410  0.1203E+00  0.3875E+01
  -1.400  0.1033E+00  0.3876E+01
  -1.390  0.8580E-01  0.3877E+01
  -1.380  0.6859E-01  0.3878E+01
  -1.370  0.5217E-01  0.3878E+01
  -1.360  0.3704E-01  0.3879E+01
  -1.350  0.2359E-01  0.3879E+01
  -1.340  0.1214E-01  0.3879E+01
  -1.330  0.2944E-02  0.3879E+01
  -1.320 -0.3852E-02  0.3879E+01
  -1.310 -0.8143E-02  0.3879E+01
  -1.300 -0.9874E-02  0.3879E+01
  -1.290 -0.9013E-02  0.3879E+01
  -1.280 -0.5533E-02  0.3879E+01
  -1.270  0.6090E-03  0.3879E+01
  -1.260  0.9484E-02  0.3879E+01
  -1.250  0.2120E-01  0.3879E+01
  -1.240  0.3592E-01  0.3879E+01
  -1.230  0.5383E-01  0.3880E+01
  -1.220  0.7515E-01  0.3881E+01
  -1.210  0.1001E+00  0.3882E+01
  -1.200  0.1290E+00  0.3883E+01
  -1.190  0.1619E+00  0.3884E+01
  -1.180  0.1991E+00  0.3886E+01
  -1.170  0.2406E+00  0.3889E+01
  -1.160  0.2862E+00  0.3892E+01
  -1.150  0.3358E+00  0.3895E+01
  -1.140  0.3890E+00  0.3899E+01
  -1.130  0.4453E+00  0.3903E+01
  -1.120  0.5040E+00  0.3908E+01
  -1.110  0.5643E+00  0.3914E+01
  -1.100  0.6251E+00  0.3920E+01
  -1.090  0.6855E+00  0.3927E+01
  -1.080  0.7444E+00  0.3935E+01
  -1.070  0.8009E+00  0.3943E+01
  -1.060  0.8537E+00  0.3951E+01
  -1.050  0.9022E+00  0.3960E+01
  -1.040  0.9456E+00  0.3970E+01
  -1.030  0.9834E+00  0.3980E+01
  -1.020  0.1015E+01  0.3990E+01
  -1.010  0.1041E+01  0.4000E+01
  -1.000  0.1060E+01  0.4011E+01
  -0.990  0.1074E+01  0.4021E+01
  -0.980  0.1082E+01  0.4032E+01
  -0.970  0.1084E+01  0.4043E+01
  -0.960  0.1082E+01  0.4054E+01
  -0.950  0.1074E+01  0.4065E+01
  -0.940  0.1063E+01  0.4075E+01
  -0.930  0.1047E+01  0.4086E+01
  -0.920  0.1027E+01  0.4096E+01
  -0.910  0.1004E+01  0.4106E+01
  -0.900  0.9755E+00  0.4116E+01
  -0.890  0.9432E+00  0.4125E+01
  -0.880  0.9064E+00  0.4134E+01
  -0.870  0.8650E+00  0.4143E+01
  -0.860  0.8191E+00  0.4151E+01
  -0.850  0.7687E+00  0.4159E+01
  -0.840  0.7141E+00  0.4166E+01
  -0.830  0.6558E+00  0.4173E+01
  -0.820  0.5943E+00  0.4178E+01
  -0.810  0.5306E+00  0.4184E+01
  -0.800  0.4656E+00  0.4188E+01
  -0.790  0.4005E+00  0.4192E+01
  -0.780  0.3363E+00  0.4196E+01
  -0.770  0.2745E+00  0.4199E+01
  -0.760  0.2161E+00  0.4201E+01
  -0.750  0.1624E+00  0.4202E+01
  -0.740  0.1143E+00  0.4203E+01
  -0.730  0.7279E-01  0.4204E+01
  -0.720  0.3855E-01  0.4205E+01
  -0.710  0.1207E-01  0.4205E+01
  -0.700 -0.6343E-02  0.4205E+01
  -0.690 -0.1660E-01  0.4204E+01
  -0.680 -0.1879E-01  0.4204E+01
  -0.670 -0.1318E-01  0.4204E+01
  -0.660 -0.1770E-03  0.4204E+01
  -0.650  0.1967E-01  0.4204E+01
  -0.640  0.4570E-01  0.4205E+01
  -0.630  0.7718E-01  0.4206E+01
  -0.620  0.1133E+00  0.4207E+01
  -0.610  0.1531E+00  0.4208E+01
  -0.600  0.1957E+00  0.4210E+01
  -0.590  0.2400E+00  0.4213E+01
  -0.580  0.2850E+00  0.4215E+01
  -0.570  0.3296E+00  0.4219E+01
  -0.560  0.3728E+00  0.4222E+01
  -0.550  0.4133E+00  0.4227E+01
  -0.540  0.4503E+00  0.4231E+01
  -0.530  0.4825E+00  0.4236E+01
  -0.520  0.5092E+00  0.4241E+01
  -0.510  0.5296E+00  0.4246E+01
  -0.500  0.5431E+00  0.4252E+01
  -0.490  0.5492E+00  0.4257E+01
  -0.480  0.5478E+00  0.4263E+01
  -0.470  0.5389E+00  0.4268E+01
  -0.460  0.5229E+00  0.4273E+01
  -0.450  0.5002E+00  0.4278E+01
  -0.440  0.4716E+00  0.4283E+01
  -0.430  0.4379E+00  0.4287E+01
  -0.420  0.4003E+00  0.4291E+01
  -0.410  0.3598E+00  0.4295E+01
  -0.400  0.3176E+00  0.4298E+01
  -0.390  0.2750E+00  0.4301E+01
  -0.380  0.2332E+00  0.4303E+01
  -0.370  0.1933E+00  0.4305E+01
  -0.360  0.1562E+00  0.4307E+01
  -0.350  0.1230E+00  0.4308E+01
  -0.340  0.9424E-01  0.4309E+01
  -0.330  0.7063E-01  0.4310E+01
  -0.320  0.5259E-01  0.4310E+01
  -0.310  0.4040E-01  0.4311E+01
  -0.300  0.3419E-01  0.4311E+01
  -0.290  0.3397E-01  0.4311E+01
  -0.280  0.3960E-01  0.4312E+01
  -0.270  0.5080E-01  0.4312E+01
  -0.260  0.6719E-01  0.4313E+01
  -0.250  0.8825E-01  0.4314E+01
  -0.240  0.1134E+00  0.4315E+01
  -0.230  0.1419E+00  0.4316E+01
  -0.220  0.1729E+00  0.4318E+01
  -0.210  0.2055E+00  0.4320E+01
  -0.200  0.2389E+00  0.4322E+01
  -0.190  0.2719E+00  0.4325E+01
  -0.180  0.3036E+00  0.4328E+01
  -0.170  0.3329E+00  0.4332E+01
  -0.160  0.3591E+00  0.4335E+01
  -0.150  0.3812E+00  0.4339E+01
  -0.140  0.3987E+00  0.4343E+01
  -0.130  0.4112E+00  0.4347E+01
  -0.120  0.4184E+00  0.4351E+01
  -0.110  0.4204E+00  0.4355E+01
  -0.100  0.4177E+00  0.4360E+01
  -0.090  0.4110E+00  0.4364E+01
  -0.080  0.4011E+00  0.4368E+01
  -0.070  0.3894E+00  0.4372E+01
  -0.060  0.3770E+00  0.4375E+01
  -0.050  0.3656E+00  0.4379E+01
  -0.040  0.3566E+00  0.4383E+01
  -0.030  0.3513E+00  0.4386E+01
  -0.020  0.3511E+00  0.4390E+01
  -0.010  0.3570E+00  0.4393E+01
   0.000  0.3696E+00  0.4397E+01
   0.010  0.3892E+00  0.4401E+01
   0.020  0.4158E+00  0.4405E+01
   0.030  0.4486E+00  0.4409E+01
   0.040  0.4867E+00  0.4414E+01
   0.050  0.5287E+00  0.4420E+01
   0.060  0.5728E+00  0.4425E+01
   0.070  0.6171E+00  0.4431E+01
   0.080  0.6593E+00  0.4438E+01
   0.090  0.6972E+00  0.4445E+01
   0.100  0.7288E+00  0.4452E+01
   0.110  0.7522E+00  0.4460E+01
   0.120  0.7658E+00  0.4468E+01
   0.130  0.7684E+00  0.4475E+01
   0.140  0.7594E+00  0.4483E+01
   0.150  0.7386E+00  0.4490E+01
   0.160  0.7063E+00  0.4497E+01
   0.170  0.6635E+00  0.4504E+01
   0.180  0.6114E+00  0.4510E+01
   0.190  0.5518E+00  0.4516E+01
   0.200  0.4866E+00  0.4520E+01
   0.210  0.4180E+00  0.4525E+01
   0.220  0.3481E+00  0.4528E+01
   0.230  0.2792E+00  0.4531E+01
   0.240  0.2130E+00  0.4533E+01
   0.250  0.1513E+00  0.4534E+01
   0.260  0.9542E-01  0.4535E+01
   0.270  0.4635E-01  0.4536E+01
   0.280  0.4708E-02  0.4536E+01
   0.290 -0.2927E-01  0.4536E+01
   0.300 -0.5565E-01  0.4535E+01
   0.310 -0.7481E-01  0.4534E+01
   0.320 -0.8733E-01  0.4533E+01
   0.330 -0.9395E-01  0.4533E+01
   0.340 -0.9551E-01  0.4532E+01
   0.350 -0.9287E-01  0.4531E+01
   0.360 -0.8686E-01  0.4530E+01
   0.370 -0.7826E-01  0.4529E+01
   0.380 -0.6773E-01  0.4528E+01
   0.390 -0.5581E-01  0.4528E+01
   0.400 -0.4290E-01  0.4527E+01
   0.410 -0.2927E-01  0.4527E+01
   0.420 -0.1505E-01  0.4527E+01
   0.430 -0.2538E-03  0.4527E+01
   0.440  0.1521E-01  0.4527E+01
   0.450  0.3151E-01  0.4527E+01
   0.460  0.4890E-01  0.4528E+01
   0.470  0.6765E-01  0.4529E+01
   0.480  0.8806E-01  0.4529E+01
   0.490  0.1104E+00  0.4531E+01
   0.500  0.1351E+00  0.4532E+01
   0.510  0.1621E+00  0.4533E+01
   0.520  0.1918E+00  0.4535E+01
   0.530  0.2241E+00  0.4538E+01
   0.540  0.2590E+00  0.4540E+01
   0.550  0.2963E+00  0.4543E+01
   0.560  0.3356E+00  0.4547E+01
   0.570  0.3767E+00  0.4550E+01
   0.580  0.4187E+00  0.4554E+01
   0.590  0.4611E+00  0.4559E+01
   0.600  0.5029E+00  0.4564E+01
   0.610  0.5434E+00  0.4570E+01
   0.620  0.5816E+00  0.4575E+01
   0.630  0.6166E+00  0.4582E+01
   0.640  0.6475E+00  0.4588E+01
   0.650  0.6737E+00  0.4595E+01
   0.660  0.6945E+00  0.4602E+01
   0.670  0.7096E+00  0.4609E+01
   0.680  0.7187E+00  0.4616E+01
   0.690  0.7220E+00  0.4623E+01
   0.700  0.7196E+00  0.4630E+01
   0.710  0.7121E+00  0.4638E+01
   0.720  0.7000E+00  0.4645E+01
   0.730  0.6841E+00  0.4651E+01
   0.740  0.6653E+00  0.4658E+01
   0.750  0.6443E+00  0.4664E+01
   0.760  0.6219E+00  0.4671E+01
   0.770  0.5989E+00  0.4677E+01
   0.780  0.5759E+00  0.4682E+01
   0.790  0.5534E+00  0.4688E+01
   0.800  0.5316E+00  0.4693E+01
   0.810  0.5107E+00  0.4698E+01
   0.820  0.4907E+00  0.4703E+01
   0.830  0.4716E+00  0.4708E+01
   0.840  0.4531E+00  0.4713E+01
   0.850  0.4352E+00  0.4717E+01
   0.860  0.4175E+00  0.4721E+01
   0.870  0.3999E+00  0.4725E+01
   0.880  0.3823E+00  0.4729E+01
   0.890  0.3647E+00  0.4733E+01
   0.900  0.3472E+00  0.4736E+01
   0.910  0.3298E+00  0.4739E+01
   0.920  0.3128E+00  0.4742E+01
   0.930  0.2967E+00  0.4745E+01
   0.940  0.2818E+00  0.4748E+01
   0.950  0.2687E+00  0.4751E+01
   0.960  0.2579E+00  0.4753E+01
   0.970  0.2499E+00  0.4756E+01
   0.980  0.2455E+00  0.4758E+01
   0.990  0.2451E+00  0.4761E+01
   1.000  0.2492E+00  0.4763E+01
   1.010  0.2583E+00  0.4766E+01
   1.020  0.2726E+00  0.4769E+01
   1.030  0.2924E+00  0.4772E+01
   1.040  0.3178E+00  0.4775E+01
   1.050  0.3485E+00  0.4778E+01
   1.060  0.3843E+00  0.4782E+01
   1.070  0.4249E+00  0.4786E+01
   1.080  0.4695E+00  0.4791E+01
   1.090  0.5175E+00  0.4796E+01
   1.100  0.5680E+00  0.4802E+01
   1.110  0.6201E+00  0.4808E+01
   1.120  0.6728E+00  0.4815E+01
   1.130  0.7252E+00  0.4822E+01
   1.140  0.7762E+00  0.4830E+01
   1.150  0.8251E+00  0.4838E+01
   1.160  0.8708E+00  0.4847E+01
   1.170  0.9127E+00  0.4856E+01
   1.180  0.9501E+00  0.4865E+01
   1.190  0.9826E+00  0.4875E+01
   1.200  0.1010E+01  0.4885E+01
   1.210  0.1031E+01  0.4896E+01
   1.220  0.1046E+01  0.4906E+01
   1.230  0.1056E+01  0.4917E+01
   1.240  0.1060E+01  0.4927E+01
   1.250  0.1059E+01  0.4938E+01
   1.260  0.1053E+01  0.4948E+01
   1.270  0.1042E+01  0.4959E+01
   1.280  0.1027E+01  0.4969E+01
   1.290  0.1010E+01  0.4979E+01
   1.300  0.9913E+00  0.4989E+01
   1.310  0.9716E+00  0.4999E+01
   1.320  0.9522E+00  0.5008E+01
   1.330  0.9341E+00  0.5018E+01
   1.340  0.9184E+00  0.5027E+01
   1.350  0.9060E+00  0.5036E+01
   1.360  0.8976E+00  0.5045E+01
   1.370  0.8937E+00  0.5054E+01
   1.380  0.8944E+00  0.5063E+01
   1.390  0.8998E+00  0.5072E+01
   1.400  0.9095E+00  0.5081E+01
   1.410  0.9228E+00  0.5090E+01
   1.420  0.9388E+00  0.5100E+01
   1.430  0.9564E+00  0.5109E+01
   1.440  0.9743E+00  0.5119E+01
   1.450  0.9912E+00  0.5129E+01
   1.460  0.1006E+01  0.5139E+01
   1.470  0.1016E+01  0.5149E+01
   1.480  0.1022E+01  0.5159E+01
   1.490  0.1022E+01  0.5169E+01
   1.500  0.1016E+01  0.5180E+01
   1.510  0.1003E+01  0.5190E+01
   1.520  0.9829E+00  0.5199E+01
   1.530  0.9565E+00  0.5209E+01
   1.540  0.9241E+00  0.5218E+01
   1.550  0.8866E+00  0.5227E+01
   1.560  0.8452E+00  0.5236E+01
   1.570  0.8011E+00  0.5244E+01
   1.580  0.7557E+00  0.5251E+01
   1.590  0.7102E+00  0.5258E+01
   1.600  0.6662E+00  0.5265E+01
   1.610  0.6249E+00  0.5271E+01
   1.620  0.5874E+00  0.5277E+01
   1.630  0.5548E+00  0.5283E+01
   1.640  0.5280E+00  0.5288E+01
   1.650  0.5075E+00  0.5293E+01
   1.660  0.4939E+00  0.5298E+01
   1.670  0.4875E+00  0.5303E+01
   1.680  0.4884E+00  0.5308E+01
   1.690  0.4965E+00  0.5313E+01
   1.700  0.5116E+00  0.5318E+01
   1.710  0.5335E+00  0.5323E+01
   1.720  0.5616E+00  0.5329E+01
   1.730  0.5954E+00  0.5335E+01
   1.740  0.6342E+00  0.5341E+01
   1.750  0.6773E+00  0.5348E+01
   1.760  0.7237E+00  0.5355E+01
   1.770  0.7725E+00  0.5363E+01
   1.780  0.8225E+00  0.5371E+01
   1.790  0.8729E+00  0.5380E+01
   1.800  0.9223E+00  0.5389E+01
   1.810  0.9697E+00  0.5399E+01
   1.820  0.1014E+01  0.5409E+01
   1.830  0.1054E+01  0.5419E+01
   1.840  0.1090E+01  0.5430E+01
   1.850  0.1120E+01  0.5441E+01
   1.860  0.1144E+01  0.5453E+01
   1.870  0.1161E+01  0.5464E+01
   1.880  0.1173E+01  0.5476E+01
   1.890  0.1179E+01  0.5488E+01
   1.900  0.1179E+01  0.5500E+01
   1.910  0.1175E+01  0.5511E+01
   1.920  0.1167E+01  0.5523E+01
   1.930  0.1157E+01  0.5535E+01
   1.940  0.1144E+01  0.5546E+01
   1.950  0.1131E+01  0.5557E+01
   1.960  0.1119E+01  0.5569E+01
   1.970  0.1107E+01  0.5580E+01
   1.980  0.1097E+01  0.5591E+01
   1.990  0.1089E+01  0.5602E+01
   2.000  0.1085E+01  0.5612E+01
   2.010  0.1083E+01  0.5623E+01
   2.020  0.1084E+01  0.5634E+01
   2.030  0.1087E+01  0.5645E+01
   2.040  0.1092E+01  0.5656E+01
   2.050  0.1099E+01  0.5667E+01
   2.060  0.1106E+01  0.5678E+01
   2.070  0.1112E+01  0.5689E+01
   2.080  0.1118E+01  0.5700E+01
   2.090  0.1121E+01  0.5711E+01
   2.100  0.1121E+01  0.5723E+01
   2.110  0.1118E+01  0.5734E+01
   2.120  0.1110E+01  0.5745E+01
   2.130  0.1098E+01  0.5756E+01
   2.140  0.1080E+01  0.5767E+01
   2.150  0.1059E+01  0.5777E+01
   2.160  0.1033E+01  0.5788E+01
   2.170  0.1004E+01  0.5798E+01
   2.180  0.9724E+00  0.5807E+01
   2.190  0.9392E+00  0.5817E+01
   2.200  0.9057E+00  0.5826E+01
   2.210  0.8731E+00  0.5835E+01
   2.220  0.8428E+00  0.5843E+01
   2.230  0.8160E+00  0.5851E+01
   2.240  0.7939E+00  0.5859E+01
   2.250  0.7777E+00  0.5867E+01
   2.260  0.7683E+00  0.5875E+01
   2.270  0.7667E+00  0.5882E+01
   2.280  0.7734E+00  0.5890E+01
   2.290  0.7889E+00  0.5898E+01
   2.300  0.8137E+00  0.5906E+01
   2.310  0.8478E+00  0.5914E+01
   2.320  0.8909E+00  0.5923E+01
   2.330  0.9429E+00  0.5933E+01
   2.340  0.1003E+01  0.5943E+01
   2.350  0.1070E+01  0.5954E+01
   2.360  0.1144E+01  0.5965E+01
   2.370  0.1222E+01  0.5977E+01
   2.380  0.1304E+01  0.5990E+01
   2.390  0.1386E+01  0.6004E+01
   2.400  0.1468E+01  0.6019E+01
   2.410  0.1547E+01  0.6034E+01
   2.420  0.1621E+01  0.6050E+01
   2.430  0.1688E+01  0.6067E+01
   2.440  0.1747E+01  0.6085E+01
   2.450  0.1796E+01  0.6103E+01
   2.460  0.1833E+01  0.6121E+01
   2.470  0.1858E+01  0.6140E+01
   2.480  0.1871E+01  0.6158E+01
   2.490  0.1871E+01  0.6177E+01
   2.500  0.1859E+01  0.6196E+01
   2.510  0.1835E+01  0.6214E+01
   2.520  0.1801E+01  0.6232E+01
   2.530  0.1756E+01  0.6250E+01
   2.540  0.1704E+01  0.6267E+01
   2.550  0.1644E+01  0.6283E+01
   2.560  0.1578E+01  0.6299E+01
   2.570  0.1507E+01  0.6314E+01
   2.580  0.1431E+01  0.6328E+01
   2.590  0.1353E+01  0.6342E+01
   2.600  0.1273E+01  0.6354E+01
   2.610  0.1191E+01  0.6366E+01
   2.620  0.1108E+01  0.6377E+01
   2.630  0.1027E+01  0.6388E+01
   2.640  0.9461E+00  0.6397E+01
   2.650  0.8682E+00  0.6406E+01
   2.660  0.7938E+00  0.6414E+01
   2.670  0.7239E+00  0.6421E+01
   2.680  0.6596E+00  0.6428E+01
   2.690  0.6017E+00  0.6434E+01
   2.700  0.5508E+00  0.6439E+01
   2.710  0.5075E+00  0.6444E+01
   2.720  0.4720E+00  0.6449E+01
   2.730  0.4443E+00  0.6453E+01
   2.740  0.4240E+00  0.6458E+01
   2.750  0.4106E+00  0.6462E+01
   2.760  0.4035E+00  0.6466E+01
   2.770  0.4017E+00  0.6470E+01
   2.780  0.4044E+00  0.6474E+01
   2.790  0.4107E+00  0.6478E+01
   2.800  0.4197E+00  0.6482E+01
   2.810  0.4309E+00  0.6486E+01
   2.820  0.4439E+00  0.6491E+01
   2.830  0.4583E+00  0.6495E+01
   2.840  0.4742E+00  0.6500E+01
   2.850  0.4918E+00  0.6505E+01
   2.860  0.5115E+00  0.6510E+01
   2.870  0.5336E+00  0.6516E+01
   2.880  0.5588E+00  0.6521E+01
   2.890  0.5875E+00  0.6527E+01
   2.900  0.6201E+00  0.6533E+01
   2.910  0.6570E+00  0.6540E+01
   2.920  0.6982E+00  0.6547E+01
   2.930  0.7436E+00  0.6554E+01
   2.940  0.7928E+00  0.6562E+01
   2.950  0.8453E+00  0.6571E+01
   2.960  0.9004E+00  0.6580E+01
   2.970  0.9571E+00  0.6589E+01
   2.980  0.1014E+01  0.6599E+01
   2.990  0.1071E+01  0.6610E+01
   3.000  0.1126E+01  0.6621E+01
   3.010  0.1179E+01  0.6633E+01
   3.020  0.1228E+01  0.6645E+01
   3.030  0.1274E+01  0.6658E+01
   3.040  0.1315E+01  0.6671E+01
   3.050  0.1351E+01  0.6685E+01
   3.060  0.1382E+01  0.6699E+01
   3.070  0.1409E+01  0.6713E+01
   3.080  0.1432E+01  0.6727E+01
   3.090  0.1451E+01  0.6742E+01
   3.100  0.1467E+01  0.6756E+01
   3.110  0.1481E+01  0.6771E+01
   3.120  0.1493E+01  0.6786E+01
   3.130  0.1503E+01  0.6801E+01
   3.140  0.1512E+01  0.6816E+01
   3.150  0.1520E+01  0.6831E+01
   3.160  0.1526E+01  0.6847E+01
   3.170  0.1531E+01  0.6862E+01
   3.180  0.1534E+01  0.6877E+01
   3.190  0.1534E+01  0.6893E+01
   3.200  0.1531E+01  0.6908E+01
   3.210  0.1525E+01  0.6923E+01
   3.220  0.1514E+01  0.6938E+01
   3.230  0.1499E+01  0.6953E+01
   3.240  0.1479E+01  0.6968E+01
   3.250  0.1454E+01  0.6983E+01
   3.260  0.1425E+01  0.6997E+01
   3.270  0.1391E+01  0.7011E+01
   3.280  0.1354E+01  0.7024E+01
   3.290  0.1313E+01  0.7037E+01
   3.300  0.1269E+01  0.7050E+01
   3.310  0.1224E+01  0.7062E+01
   3.320  0.1177E+01  0.7074E+01
   3.330  0.1131E+01  0.7085E+01
   3.340  0.1084E+01  0.7096E+01
   3.350  0.1040E+01  0.7107E+01
   3.360  0.9969E+00  0.7117E+01
   3.370  0.9570E+00  0.7126E+01
   3.380  0.9207E+00  0.7135E+01
   3.390  0.8883E+00  0.7144E+01
   3.400  0.8606E+00  0.7153E+01
   3.410  0.8378E+00  0.7161E+01
   3.420  0.8203E+00  0.7169E+01
   3.430  0.8082E+00  0.7178E+01
   3.440  0.8015E+00  0.7186E+01
   3.450  0.8001E+00  0.7194E+01
   3.460  0.8036E+00  0.7202E+01
   3.470  0.8117E+00  0.7210E+01
   3.480  0.8235E+00  0.7218E+01
   3.490  0.8383E+00  0.7226E+01
   3.500  0.8552E+00  0.7235E+01
   3.510  0.8731E+00  0.7244E+01
   3.520  0.8910E+00  0.7253E+01
   3.530  0.9078E+00  0.7262E+01
   3.540  0.9225E+00  0.7271E+01
   3.550  0.9343E+00  0.7280E+01
   3.560  0.9424E+00  0.7290E+01
   3.570  0.9463E+00  0.7299E+01
   3.580  0.9457E+00  0.7309E+01
   3.590  0.9408E+00  0.7318E+01
   3.600  0.9318E+00  0.7327E+01
   3.610  0.9193E+00  0.7336E+01
   3.620  0.9040E+00  0.7345E+01
   3.630  0.8871E+00  0.7354E+01
   3.640  0.8696E+00  0.7363E+01
   3.650  0.8527E+00  0.7372E+01
   3.660  0.8377E+00  0.7380E+01
   3.670  0.8258E+00  0.7388E+01
   3.680  0.8178E+00  0.7396E+01
   3.690  0.8145E+00  0.7405E+01
   3.700  0.8164E+00  0.7413E+01
   3.710  0.8236E+00  0.7421E+01
   3.720  0.8360E+00  0.7429E+01
   3.730  0.8531E+00  0.7438E+01
   3.740  0.8742E+00  0.7447E+01
   3.750  0.8984E+00  0.7456E+01
   3.760  0.9246E+00  0.7465E+01
   3.770  0.9518E+00  0.7474E+01
   3.780  0.9790E+00  0.7484E+01
   3.790  0.1005E+01  0.7494E+01
   3.800  0.1030E+01  0.7504E+01
   3.810  0.1053E+01  0.7515E+01
   3.820  0.1073E+01  0.7526E+01
   3.830  0.1092E+01  0.7537E+01
   3.840  0.1108E+01  0.7548E+01
   3.850  0.1124E+01  0.7559E+01
   3.860  0.1139E+01  0.7570E+01
   3.870  0.1154E+01  0.7582E+01
   3.880  0.1170E+01  0.7594E+01
   3.890  0.1187E+01  0.7605E+01
   3.900  0.1206E+01  0.7618E+01
   3.910  0.1226E+01  0.7630E+01
   3.920  0.1246E+01  0.7642E+01
   3.930  0.1267E+01  0.7655E+01
   3.940  0.1288E+01  0.7668E+01
   3.950  0.1307E+01  0.7681E+01
   3.960  0.1324E+01  0.7694E+01
   3.970  0.1338E+01  0.7708E+01
   3.980  0.1347E+01  0.7721E+01
   3.990  0.1350E+01  0.7734E+01
   4.000  0.1347E+01  0.7748E+01
   4.010  0.1338E+01  0.7761E+01
   4.020  0.1322E+01  0.7775E+01
   4.030  0.1300E+01  0.7788E+01
   4.040  0.1272E+01  0.7800E+01
   4.050  0.1238E+01  0.7813E+01
   4.060  0.1200E+01  0.7825E+01
   4.070  0.1160E+01  0.7836E+01
   4.080  0.1117E+01  0.7847E+01
   4.090  0.1073E+01  0.7858E+01
   4.100  0.1029E+01  0.7868E+01
   4.110  0.9874E+00  0.7878E+01
   4.120  0.9477E+00  0.7888E+01
   4.130  0.9110E+00  0.7897E+01
   4.140  0.8780E+00  0.7906E+01
   4.150  0.8492E+00  0.7914E+01
   4.160  0.8248E+00  0.7922E+01
   4.170  0.8051E+00  0.7930E+01
   4.180  0.7900E+00  0.7938E+01
   4.190  0.7796E+00  0.7946E+01
   4.200  0.7736E+00  0.7954E+01
   4.210  0.7719E+00  0.7962E+01
   4.220  0.7742E+00  0.7969E+01
   4.230  0.7800E+00  0.7977E+01
   4.240  0.7892E+00  0.7985E+01
   4.250  0.8012E+00  0.7993E+01
   4.260  0.8157E+00  0.8001E+01
   4.270  0.8321E+00  0.8010E+01
   4.280  0.8500E+00  0.8018E+01
   4.290  0.8687E+00  0.8027E+01
   4.300  0.8875E+00  0.8036E+01
   4.310  0.9058E+00  0.8045E+01
   4.320  0.9226E+00  0.8054E+01
   4.330  0.9372E+00  0.8063E+01
   4.340  0.9486E+00  0.8073E+01
   4.350  0.9557E+00  0.8082E+01
   4.360  0.9576E+00  0.8092E+01
   4.370  0.9534E+00  0.8101E+01
   4.380  0.9423E+00  0.8111E+01
   4.390  0.9235E+00  0.8120E+01
   4.400  0.8966E+00  0.8129E+01
   4.410  0.8613E+00  0.8138E+01
   4.420  0.8177E+00  0.8146E+01
   4.430  0.7663E+00  0.8153E+01
   4.440  0.7077E+00  0.8161E+01
   4.450  0.6430E+00  0.8167E+01
   4.460  0.5736E+00  0.8173E+01
   4.470  0.5011E+00  0.8178E+01
   4.480  0.4271E+00  0.8182E+01
   4.490  0.3535E+00  0.8186E+01
   4.500  0.2822E+00  0.8188E+01
   4.510  0.2149E+00  0.8191E+01
   4.520  0.1532E+00  0.8192E+01
   4.530  0.9862E-01  0.8193E+01
   4.540  0.5220E-01  0.8194E+01
   4.550  0.1487E-01  0.8194E+01
   4.560 -0.1276E-01  0.8194E+01
   4.570 -0.3032E-01  0.8193E+01
   4.580 -0.3768E-01  0.8193E+01
   4.590 -0.3488E-01  0.8193E+01
   4.600 -0.2212E-01  0.8192E+01
   4.610  0.3112E-03  0.8192E+01
   4.620  0.3207E-01  0.8193E+01
   4.630  0.7276E-01  0.8193E+01
   4.640  0.1220E+00  0.8195E+01
   4.650  0.1793E+00  0.8196E+01
   4.660  0.2442E+00  0.8199E+01
   4.670  0.3163E+00  0.8202E+01
   4.680  0.3948E+00  0.8206E+01
   4.690  0.4790E+00  0.8211E+01
   4.700  0.5680E+00  0.8216E+01
   4.710  0.6607E+00  0.8223E+01
   4.720  0.7559E+00  0.8231E+01
   4.730  0.8522E+00  0.8239E+01
   4.740  0.9477E+00  0.8249E+01
   4.750  0.1041E+01  0.8259E+01
   4.760  0.1130E+01  0.8270E+01
   4.770  0.1213E+01  0.8282E+01
   4.780  0.1288E+01  0.8295E+01
   4.790  0.1354E+01  0.8309E+01
   4.800  0.1410E+01  0.8323E+01
   4.810  0.1453E+01  0.8337E+01
   4.820  0.1484E+01  0.8352E+01
   4.830  0.1502E+01  0.8367E+01
   4.840  0.1507E+01  0.8382E+01
   4.850  0.1501E+01  0.8397E+01
   4.860  0.1482E+01  0.8412E+01
   4.870  0.1454E+01  0.8427E+01
   4.880  0.1418E+01  0.8441E+01
   4.890  0.1375E+01  0.8455E+01
   4.900  0.1328E+01  0.8468E+01
   4.910  0.1279E+01  0.8481E+01
   4.920  0.1229E+01  0.8493E+01
   4.930  0.1182E+01  0.8505E+01
   4.940  0.1140E+01  0.8516E+01
   4.950  0.1103E+01  0.8527E+01
   4.960  0.1073E+01  0.8538E+01
   4.970  0.1052E+01  0.8549E+01
   4.980  0.1040E+01  0.8559E+01
   4.990  0.1037E+01  0.8569E+01
   5.000  0.1044E+01  0.8580E+01
   5.010  0.1059E+01  0.8590E+01
   5.020  0.1082E+01  0.8601E+01
   5.030  0.1111E+01  0.8612E+01
   5.040  0.1145E+01  0.8624E+01
   5.050  0.1182E+01  0.8636E+01
   5.060  0.1221E+01  0.8648E+01
   5.070  0.1259E+01  0.8660E+01
   5.080  0.1296E+01  0.8673E+01
   5.090  0.1328E+01  0.8687E+01
   5.100  0.1356E+01  0.8700E+01
   5.110  0.1377E+01  0.8714E+01
   5.120  0.1392E+01  0.8728E+01
   5.130  0.1400E+01  0.8742E+01
   5.140  0.1400E+01  0.8756E+01
   5.150  0.1393E+01  0.8770E+01
   5.160  0.1380E+01  0.8784E+01
   5.170  0.1360E+01  0.8797E+01
   5.180  0.1336E+01  0.8811E+01
   5.190  0.1308E+01  0.8824E+01
   5.200  0.1278E+01  0.8836E+01
   5.210  0.1247E+01  0.8849E+01
   5.220  0.1215E+01  0.8861E+01
   5.230  0.1185E+01  0.8873E+01
   5.240  0.1158E+01  0.8884E+01
   5.250  0.1134E+01  0.8896E+01
   5.260  0.1114E+01  0.8907E+01
   5.270  0.1098E+01  0.8918E+01
   5.280  0.1088E+01  0.8929E+01
   5.290  0.1082E+01  0.8940E+01
   5.300  0.1081E+01  0.8950E+01
   5.310  0.1084E+01  0.8961E+01
   5.320  0.1089E+01  0.8972E+01
   5.330  0.1097E+01  0.8983E+01
   5.340  0.1105E+01  0.8994E+01
   5.350  0.1112E+01  0.9005E+01
   5.360  0.1118E+01  0.9017E+01
   5.370  0.1120E+01  0.9028E+01
   5.380  0.1118E+01  0.9039E+01
   5.390  0.1110E+01  0.9050E+01
   5.400  0.1096E+01  0.9061E+01
   5.410  0.1075E+01  0.9072E+01
   5.420  0.1048E+01  0.9082E+01
   5.430  0.1015E+01  0.9092E+01
   5.440  0.9748E+00  0.9102E+01
   5.450  0.9297E+00  0.9111E+01
   5.460  0.8800E+00  0.9120E+01
   5.470  0.8271E+00  0.9128E+01
   5.480  0.7720E+00  0.9136E+01
   5.490  0.7160E+00  0.9143E+01
   5.500  0.6604E+00  0.9150E+01
   5.510  0.6065E+00  0.9156E+01
   5.520  0.5553E+00  0.9162E+01
   5.530  0.5079E+00  0.9167E+01
   5.540  0.4652E+00  0.9171E+01
   5.550  0.4278E+00  0.9176E+01
   5.560  0.3960E+00  0.9180E+01
   5.570  0.3701E+00  0.9183E+01
   5.580  0.3500E+00  0.9187E+01
   5.590  0.3354E+00  0.9190E+01
   5.600  0.3257E+00  0.9193E+01
   5.610  0.3203E+00  0.9197E+01
   5.620  0.3181E+00  0.9200E+01
   5.630  0.3181E+00  0.9203E+01
   5.640  0.3192E+00  0.9206E+01
   5.650  0.3204E+00  0.9209E+01
   5.660  0.3204E+00  0.9212E+01
   5.670  0.3185E+00  0.9216E+01
   5.680  0.3138E+00  0.9219E+01
   5.690  0.3058E+00  0.9222E+01
   5.700  0.2943E+00  0.9225E+01
   5.710  0.2794E+00  0.9228E+01
   5.720  0.2612E+00  0.9230E+01
   5.730  0.2404E+00  0.9233E+01
   5.740  0.2178E+00  0.9235E+01
   5.750  0.1944E+00  0.9237E+01
   5.760  0.1714E+00  0.9238E+01
   5.770  0.1499E+00  0.9240E+01
   5.780  0.1312E+00  0.9241E+01
   5.790  0.1165E+00  0.9242E+01
   5.800  0.1069E+00  0.9243E+01
   5.810  0.1032E+00  0.9245E+01
   5.820  0.1065E+00  0.9246E+01
   5.830  0.1173E+00  0.9247E+01
   5.840  0.1360E+00  0.9248E+01
   5.850  0.1630E+00  0.9250E+01
   5.860  0.1985E+00  0.9252E+01
   5.870  0.2422E+00  0.9254E+01
   5.880  0.2942E+00  0.9257E+01
   5.890  0.3539E+00  0.9261E+01
   5.900  0.4211E+00  0.9265E+01
   5.910  0.4949E+00  0.9270E+01
   5.920  0.5748E+00  0.9276E+01
   5.930  0.6598E+00  0.9282E+01
   5.940  0.7490E+00  0.9290E+01
   5.950  0.8412E+00  0.9298E+01
   5.960  0.9353E+00  0.9307E+01
   5.970  0.1030E+01  0.9318E+01
   5.980  0.1124E+01  0.9329E+01
   5.990  0.1216E+01  0.9341E+01
   6.000  0.1304E+01  0.9354E+01
   6.010  0.1388E+01  0.9368E+01
   6.020  0.1465E+01  0.9383E+01
   6.030  0.1536E+01  0.9398E+01
   6.040  0.1598E+01  0.9414E+01
   6.050  0.1652E+01  0.9431E+01
   6.060  0.1697E+01  0.9448E+01
   6.070  0.1733E+01  0.9465E+01
   6.080  0.1759E+01  0.9482E+01
   6.090  0.1776E+01  0.9500E+01
   6.100  0.1784E+01  0.9518E+01
   6.110  0.1784E+01  0.9536E+01
   6.120  0.1775E+01  0.9554E+01
   6.130  0.1758E+01  0.9571E+01
   6.140  0.1733E+01  0.9589E+01
   6.150  0.1701E+01  0.9606E+01
   6.160  0.1663E+01  0.9622E+01
   6.170  0.1617E+01  0.9638E+01
   6.180  0.1565E+01  0.9654E+01
   6.190  0.1507E+01  0.9669E+01
   6.200  0.1442E+01  0.9683E+01
   6.210  0.1372E+01  0.9697E+01
   6.220  0.1298E+01  0.9710E+01
   6.230  0.1219E+01  0.9722E+01
   6.240  0.1137E+01  0.9734E+01
   6.250  0.1054E+01  0.9744E+01
   6.260  0.9698E+00  0.9754E+01
   6.270  0.8868E+00  0.9763E+01
   6.280  0.8063E+00  0.9771E+01
   6.290  0.7297E+00  0.9778E+01
   6.300  0.6581E+00  0.9785E+01
   6.310  0.5928E+00  0.9791E+01
   6.320  0.5344E+00  0.9796E+01
   6.330  0.4834E+00  0.9801E+01
   6.340  0.4400E+00  0.9805E+01
   6.350  0.4042E+00  0.9809E+01
   6.360  0.3754E+00  0.9813E+01
   6.370  0.3531E+00  0.9817E+01
   6.380  0.3366E+00  0.9820E+01
   6.390  0.3250E+00  0.9823E+01
   6.400  0.3176E+00  0.9826E+01
   6.410  0.3135E+00  0.9830E+01
   6.420  0.3120E+00  0.9833E+01
   6.430  0.3128E+00  0.9836E+01
   6.440  0.3152E+00  0.9839E+01
   6.450  0.3191E+00  0.9842E+01
   6.460  0.3242E+00  0.9845E+01
   6.470  0.3303E+00  0.9849E+01
   6.480  0.3374E+00  0.9852E+01
   6.490  0.3453E+00  0.9855E+01
   6.500  0.3538E+00  0.9859E+01
   6.510  0.3626E+00  0.9863E+01
   6.520  0.3713E+00  0.9866E+01
   6.530  0.3797E+00  0.9870E+01
   6.540  0.3873E+00  0.9874E+01
   6.550  0.3937E+00  0.9878E+01
   6.560  0.3986E+00  0.9882E+01
   6.570  0.4019E+00  0.9886E+01
   6.580  0.4036E+00  0.9890E+01
   6.590  0.4036E+00  0.9894E+01
   6.600  0.4023E+00  0.9898E+01
   6.610  0.4001E+00  0.9902E+01
   6.620  0.3976E+00  0.9906E+01
   6.630  0.3954E+00  0.9910E+01
   6.640  0.3942E+00  0.9914E+01
   6.650  0.3947E+00  0.9918E+01
   6.660  0.3974E+00  0.9922E+01
   6.670  0.4029E+00  0.9926E+01
   6.680  0.4114E+00  0.9930E+01
   6.690  0.4229E+00  0.9934E+01
   6.700  0.4376E+00  0.9939E+01
   6.710  0.4549E+00  0.9943E+01
   6.720  0.4747E+00  0.9948E+01
   6.730  0.4963E+00  0.9953E+01
   6.740  0.5190E+00  0.9958E+01
   6.750  0.5424E+00  0.9963E+01
   6.760  0.5656E+00  0.9969E+01
   6.770  0.5880E+00  0.9975E+01
   6.780  0.6091E+00  0.9981E+01
   6.790  0.6283E+00  0.9987E+01
   6.800  0.6452E+00  0.9994E+01
   6.810  0.6593E+00  0.1000E+02
   6.820  0.6701E+00  0.1001E+02
   6.830  0.6773E+00  0.1001E+02
   6.840  0.6806E+00  0.1002E+02
   6.850  0.6796E+00  0.1003E+02
   6.860  0.6740E+00  0.1003E+02
   6.870  0.6636E+00  0.1004E+02
   6.880  0.6483E+00  0.1005E+02
   6.890  0.6280E+00  0.1005E+02
   6.900  0.6030E+00  0.1006E+02
   6.910  0.5735E+00  0.1007E+02
   6.920  0.5403E+00  0.1007E+02
   6.930  0.5042E+00  0.1008E+02
   6.940  0.4663E+00  0.1008E+02
   6.950  0.4279E+00  0.1008E+02
   6.960  0.3905E+00  0.1009E+02
   6.970  0.3556E+00  0.1009E+02
   6.980  0.3250E+00  0.1010E+02
   6.990  0.3001E+00  0.1010E+02
   7.000  0.2825E+00  0.1010E+02
   7.010  0.2732E+00  0.1010E+02
   7.020  0.2732E+00  0.1011E+02
   7.030  0.2830E+00  0.1011E+02
   7.040  0.3027E+00  0.1011E+02
   7.050  0.3320E+00  0.1012E+02
   7.060  0.3699E+00  0.1012E+02
   7.070  0.4154E+00  0.1012E+02
   7.080  0.4669E+00  0.1013E+02
   7.090  0.5223E+00  0.1013E+02
   7.100  0.5798E+00  0.1014E+02
   7.110  0.6370E+00  0.1015E+02
   7.120  0.6917E+00  0.1015E+02
   7.130  0.7421E+00  0.1016E+02
   7.140  0.7862E+00  0.1017E+02
   7.150  0.8227E+00  0.1018E+02
   7.160  0.8506E+00  0.1018E+02
   7.170  0.8696E+00  0.1019E+02
   7.180  0.8798E+00  0.1020E+02
   7.190  0.8819E+00  0.1021E+02
   7.200  0.8770E+00  0.1022E+02
   7.210  0.8669E+00  0.1023E+02
   7.220  0.8536E+00  0.1024E+02
   7.230  0.8393E+00  0.1025E+02
   7.240  0.8264E+00  0.1025E+02
   7.250  0.8169E+00  0.1026E+02
   7.260  0.8131E+00  0.1027E+02
   7.270  0.8164E+00  0.1028E+02
   7.280  0.8281E+00  0.1029E+02
   7.290  0.8488E+00  0.1030E+02
   7.300  0.8785E+00  0.1030E+02
   7.310  0.9166E+00  0.1031E+02
   7.320  0.9621E+00  0.1032E+02
   7.330  0.1013E+01  0.1033E+02
   7.340  0.1068E+01  0.1034E+02
   7.350  0.1123E+01  0.1035E+02
   7.360  0.1177E+01  0.1037E+02
   7.370  0.1226E+01  0.1038E+02
   7.380  0.1269E+01  0.1039E+02
   7.390  0.1303E+01  0.1040E+02
   7.400  0.1325E+01  0.1042E+02
   7.410  0.1334E+01  0.1043E+02
   7.420  0.1329E+01  0.1044E+02
   7.430  0.1310E+01  0.1046E+02
   7.440  0.1277E+01  0.1047E+02
   7.450  0.1230E+01  0.1048E+02
   7.460  0.1171E+01  0.1049E+02
   7.470  0.1101E+01  0.1051E+02
   7.480  0.1022E+01  0.1052E+02
   7.490  0.9373E+00  0.1052E+02
   7.500  0.8491E+00  0.1053E+02
   7.510  0.7600E+00  0.1054E+02
   7.520  0.6726E+00  0.1055E+02
   7.530  0.5892E+00  0.1055E+02
   7.540  0.5121E+00  0.1056E+02
   7.550  0.4429E+00  0.1056E+02
   7.560  0.3831E+00  0.1057E+02
   7.570  0.3335E+00  0.1057E+02
   7.580  0.2948E+00  0.1057E+02
   7.590  0.2670E+00  0.1058E+02
   7.600  0.2499E+00  0.1058E+02
   7.610  0.2430E+00  0.1058E+02
   7.620  0.2455E+00  0.1058E+02
   7.630  0.2565E+00  0.1059E+02
   7.640  0.2748E+00  0.1059E+02
   7.650  0.2993E+00  0.1059E+02
   7.660  0.3290E+00  0.1059E+02
   7.670  0.3626E+00  0.1060E+02
   7.680  0.3992E+00  0.1060E+02
   7.690  0.4378E+00  0.1061E+02
   7.700  0.4775E+00  0.1061E+02
   7.710  0.5174E+00  0.1062E+02
   7.720  0.5569E+00  0.1062E+02
   7.730  0.5955E+00  0.1063E+02
   7.740  0.6325E+00  0.1063E+02
   7.750  0.6676E+00  0.1064E+02
   7.760  0.7006E+00  0.1065E+02
   7.770  0.7311E+00  0.1066E+02
   7.780  0.7591E+00  0.1066E+02
   7.790  0.7844E+00  0.1067E+02
   7.800  0.8072E+00  0.1068E+02
   7.810  0.8274E+00  0.1069E+02
   7.820  0.8452E+00  0.1070E+02
   7.830  0.8607E+00  0.1070E+02
   7.840  0.8741E+00  0.1071E+02
   7.850  0.8857E+00  0.1072E+02
   7.860  0.8955E+00  0.1073E+02
   7.870  0.9038E+00  0.1074E+02
   7.880  0.9106E+00  0.1075E+02
   7.890  0.9162E+00  0.1076E+02
   7.900  0.9207E+00  0.1077E+02
   7.910  0.9240E+00  0.1078E+02
   7.920  0.9261E+00  0.1079E+02
   7.930  0.9271E+00  0.1080E+02
   7.940  0.9268E+00  0.1080E+02
   7.950  0.9252E+00  0.1081E+02
   7.960  0.9222E+00  0.1082E+02
   7.970  0.9176E+00  0.1083E+02
   7.980  0.9115E+00  0.1084E+02
   7.990  0.9039E+00  0.1085E+02
   8.000  0.8948E+00  0.1086E+02
   8.010  0.8844E+00  0.1087E+02
   8.020  0.8729E+00  0.1088E+02
   8.030  0.8607E+00  0.1089E+02
   8.040  0.8481E+00  0.1089E+02
   8.050  0.8355E+00  0.1090E+02
   8.060  0.8234E+00  0.1091E+02
   8.070  0.8122E+00  0.1092E+02
   8.080  0.8022E+00  0.1093E+02
   8.090  0.7937E+00  0.1093E+02
   8.100  0.7869E+00  0.1094E+02
   8.110  0.7818E+00  0.1095E+02
   8.120  0.7783E+00  0.1096E+02
   8.130  0.7763E+00  0.1097E+02
   8.140  0.7754E+00  0.1097E+02
   8.150  0.7751E+00  0.1098E+02
   8.160  0.7751E+00  0.1099E+02
   8.170  0.7746E+00  0.1100E+02
   8.180  0.7733E+00  0.1100E+02
   8.190  0.7706E+00  0.1101E+02
   8.200  0.7662E+00  0.1102E+02
   8.210  0.7595E+00  0.1103E+02
   8.220  0.7505E+00  0.1104E+02
   8.230  0.7390E+00  0.1104E+02
   8.240  0.7250E+00  0.1105E+02
   8.250  0.7087E+00  0.1106E+02
   8.260  0.6904E+00  0.1106E+02
   8.270  0.6707E+00  0.1107E+02
   8.280  0.6500E+00  0.1108E+02
   8.290  0.6290E+00  0.1108E+02
   8.300  0.6086E+00  0.1109E+02
   8.310  0.5895E+00  0.1110E+02
   8.320  0.5725E+00  0.1110E+02
   8.330  0.5586E+00  0.1111E+02
   8.340  0.5482E+00  0.1111E+02
   8.350  0.5421E+00  0.1112E+02
   8.360  0.5407E+00  0.1112E+02
   8.370  0.5440E+00  0.1113E+02
   8.380  0.5520E+00  0.1113E+02
   8.390  0.5643E+00  0.1114E+02
   8.400  0.5804E+00  0.1115E+02
   8.410  0.5993E+00  0.1115E+02
   8.420  0.6199E+00  0.1116E+02
   8.430  0.6411E+00  0.1116E+02
   8.440  0.6616E+00  0.1117E+02
   8.450  0.6800E+00  0.1118E+02
   8.460  0.6952E+00  0.1118E+02
   8.470  0.7062E+00  0.1119E+02
   8.480  0.7124E+00  0.1120E+02
   8.490  0.7133E+00  0.1121E+02
   8.500  0.7090E+00  0.1121E+02
   8.510  0.6999E+00  0.1122E+02
   8.520  0.6866E+00  0.1123E+02
   8.530  0.6703E+00  0.1123E+02
   8.540  0.6520E+00  0.1124E+02
   8.550  0.6333E+00  0.1125E+02
   8.560  0.6155E+00  0.1125E+02
   8.570  0.6000E+00  0.1126E+02
   8.580  0.5879E+00  0.1126E+02
   8.590  0.5801E+00  0.1127E+02
   8.600  0.5773E+00  0.1128E+02
   8.610  0.5797E+00  0.1128E+02
   8.620  0.5872E+00  0.1129E+02
   8.630  0.5994E+00  0.1129E+02
   8.640  0.6156E+00  0.1130E+02
   8.650  0.6350E+00  0.1131E+02
   8.660  0.6566E+00  0.1131E+02
   8.670  0.6793E+00  0.1132E+02
   8.680  0.7023E+00  0.1133E+02
   8.690  0.7247E+00  0.1133E+02
   8.700  0.7460E+00  0.1134E+02
   8.710  0.7659E+00  0.1135E+02
   8.720  0.7843E+00  0.1136E+02
   8.730  0.8012E+00  0.1136E+02
   8.740  0.8169E+00  0.1137E+02
   8.750  0.8318E+00  0.1138E+02
   8.760  0.8462E+00  0.1139E+02
   8.770  0.8605E+00  0.1140E+02
   8.780  0.8747E+00  0.1141E+02
   8.790  0.8887E+00  0.1142E+02
   8.800  0.9022E+00  0.1142E+02
   8.810  0.9144E+00  0.1143E+02
   8.820  0.9246E+00  0.1144E+02
   8.830  0.9316E+00  0.1145E+02
   8.840  0.9341E+00  0.1146E+02
   8.850  0.9308E+00  0.1147E+02
   8.860  0.9206E+00  0.1148E+02
   8.870  0.9024E+00  0.1149E+02
   8.880  0.8754E+00  0.1150E+02
   8.890  0.8393E+00  0.1151E+02
   8.900  0.7941E+00  0.1151E+02
   8.910  0.7402E+00  0.1152E+02
   8.920  0.6785E+00  0.1153E+02
   8.930  0.6104E+00  0.1153E+02
   8.940  0.5375E+00  0.1154E+02
   8.950  0.4617E+00  0.1154E+02
   8.960  0.3849E+00  0.1155E+02
   8.970  0.3092E+00  0.1155E+02
   8.980  0.2365E+00  0.1155E+02
   8.990  0.1685E+00  0.1156E+02
   9.000  0.1067E+00  0.1156E+02
   9.010  0.5220E-01  0.1156E+02
   9.020  0.5744E-02  0.1156E+02
   9.030 -0.3222E-01  0.1156E+02
   9.040 -0.6162E-01  0.1156E+02
   9.050 -0.8267E-01  0.1156E+02
   9.060 -0.9581E-01  0.1155E+02
   9.070 -0.1017E+00  0.1155E+02
   9.080 -0.1010E+00  0.1155E+02
   9.090 -0.9460E-01  0.1155E+02
   9.100 -0.8321E-01  0.1155E+02
   9.110 -0.6757E-01  0.1155E+02
   9.120 -0.4831E-01  0.1155E+02
   9.130 -0.2597E-01  0.1155E+02
   9.140 -0.9606E-03  0.1155E+02
   9.150  0.2638E-01  0.1155E+02
   9.160  0.5578E-01  0.1155E+02
   9.170  0.8705E-01  0.1155E+02
   9.180  0.1200E+00  0.1155E+02
   9.190  0.1544E+00  0.1155E+02
   9.200  0.1899E+00  0.1156E+02
   9.210  0.2264E+00  0.1156E+02
   9.220  0.2632E+00  0.1156E+02
   9.230  0.3000E+00  0.1156E+02
   9.240  0.3361E+00  0.1157E+02
   9.250  0.3708E+00  0.1157E+02
   9.260  0.4034E+00  0.1157E+02
   9.270  0.4331E+00  0.1158E+02
   9.280  0.4592E+00  0.1158E+02
   9.290  0.4809E+00  0.1159E+02
   9.300  0.4977E+00  0.1159E+02
   9.310  0.5091E+00  0.1160E+02
   9.320  0.5148E+00  0.1160E+02
   9.330  0.5145E+00  0.1161E+02
   9.340  0.5084E+00  0.1161E+02
   9.350  0.4966E+00  0.1162E+02
   9.360  0.4796E+00  0.1162E+02
   9.370  0.4578E+00  0.1163E+02
   9.380  0.4318E+00  0.1163E+02
   9.390  0.4024E+00  0.1164E+02
   9.400  0.3703E+00  0.1164E+02
   9.410  0.3364E+00  0.1164E+02
   9.420  0.3013E+00  0.1165E+02
   9.430  0.2658E+00  0.1165E+02
   9.440  0.2307E+00  0.1165E+02
   9.450  0.1964E+00  0.1165E+02
   9.460  0.1635E+00  0.1166E+02
   9.470  0.1325E+00  0.1166E+02
   9.480  0.1036E+00  0.1166E+02
   9.490  0.7721E-01  0.1166E+02
   9.500  0.5346E-01  0.1166E+02
   9.510  0.3247E-01  0.1166E+02
   9.520  0.1429E-01  0.1166E+02
   9.530 -0.1094E-02  0.1166E+02
   9.540 -0.1376E-01  0.1166E+02
   9.550 -0.2382E-01  0.1166E+02
   9.560 -0.3146E-01  0.1166E+02
   9.570 -0.3686E-01  0.1166E+02
   9.580 -0.4028E-01  0.1166E+02
   9.590 -0.4195E-01  0.1166E+02
   9.600 -0.4215E-01  0.1166E+02
   9.610 -0.4114E-01  0.1166E+02
   9.620 -0.3919E-01  0.1166E+02
   9.630 -0.3654E-01  0.1166E+02
   9.640 -0.3342E-01  0.1166E+02
   9.650 -0.3003E-01  0.1166E+02
   9.660 -0.2654E-01  0.1165E+02
   9.670 -0.2309E-01  0.1165E+02
   9.680 -0.1979E-01  0.1165E+02
   9.690 -0.1671E-01  0.1165E+02
   9.700 -0.1392E-01  0.1165E+02
   9.710 -0.1143E-01  0.1165E+02
   9.720 -0.9265E-02  0.1165E+02
   9.730 -0.7406E-02  0.1165E+02
   9.740 -0.5839E-02  0.1165E+02
   9.750 -0.4537E-02  0.1165E+02
   9.760 -0.3469E-02  0.1165E+02
   9.770 -0.2599E-02  0.1165E+02
   9.780 -0.1892E-02  0.1165E+02
   9.790 -0.1311E-02  0.1165E+02
   9.800 -0.8210E-03  0.1165E+02
   9.810 -0.3838E-03  0.1165E+02
   9.820  0.3864E-04  0.1165E+02
   9.830  0.4880E-03  0.1165E+02
   9.840  0.1011E-02  0.1165E+02
   9.850  0.1661E-02  0.1165E+02
   9.860  0.2504E-02  0.1165E+02
   9.870  0.3615E-02  0.1165E+02
   9.880  0.5087E-02  0.1165E+02
   9.890  0.7031E-02  0.1165E+02
   9.900  0.9580E-02  0.1165E+02
   9.910  0.1289E-01  0.1165E+02
   9.920  0.1712E-01  0.1165E+02
   9.930  0.2249E-01  0.1165E+02
   9.940  0.2920E-01  0.1165E+02
   9.950  0.3748E-01  0.1166E+02
   9.960  0.4756E-01  0.1166E+02
   9.970  0.5965E-01  0.1166E+02
   9.980  0.7397E-01  0.1166E+02
   9.990  0.9068E-01  0.1166E+02
  10.000  0.1099E+00  0.1166E+02
