 &plot nbnd=   8, nks=    61 /
            0.000000  0.000000  0.000000
  -22.252  -10.340   -5.742   -5.742    0.500    1.116    1.210    1.830
            0.016665  0.028865  0.000000
  -22.232  -10.316   -5.824   -5.786    0.526    1.143    1.237    1.858
            0.033330  0.057729  0.000000
  -22.173  -10.245   -6.060   -5.916    0.607    1.225    1.320    1.940
            0.049995  0.086594  0.000000
  -22.074  -10.128   -6.426   -6.127    0.741    1.362    1.457    2.076
            0.066660  0.115459  0.000000
  -21.937   -9.963   -6.893   -6.412    0.929    1.553    1.650    2.267
            0.083325  0.144323  0.000000
  -21.760   -9.753   -7.430   -6.763    1.171    1.798    1.897    2.512
            0.099990  0.173188  0.000000
  -21.544   -9.497   -8.014   -7.169    1.467    2.098    2.200    2.812
            0.116655  0.202052  0.000000
  -21.290   -9.197   -8.623   -7.619    1.816    2.452    2.557    3.166
            0.133320  0.230917  0.000000
  -20.998   -9.244   -8.853   -8.103    2.218    2.860    2.969    3.573
            0.149985  0.259782  0.000000
  -20.668   -9.864   -8.611   -8.468    2.674    3.322    3.437    4.035
            0.166650  0.288646  0.000000
  -20.302  -10.477   -9.132   -8.043    3.183    3.711    3.837    3.959
            0.183315  0.317511  0.000000
  -19.900  -11.075   -9.659   -7.581    2.965    3.744    4.403    4.536
            0.199980  0.346376  0.000000
  -19.463  -11.653  -10.184   -7.086    2.228    4.357    5.020    5.169
            0.216645  0.375240  0.000000
  -18.992  -12.210  -10.700   -6.560    1.507    5.021    5.683    5.856
            0.233310  0.404105  0.000000
  -18.491  -12.741  -11.201   -6.009    0.809    5.735    6.382    6.598
            0.249975  0.432969  0.000000
  -17.961  -13.244  -11.680   -5.441    0.138    6.495    7.091    7.394
            0.266640  0.461834  0.000000
  -17.409  -13.719  -12.131   -4.862   -0.501    7.296    7.713    8.245
            0.283305  0.490699  0.000000
  -16.841  -14.165  -12.544   -4.284   -1.106    8.032    8.130    9.150
            0.299970  0.519563  0.000000
  -16.274  -14.579  -12.903   -3.720   -1.674    8.045    8.970   10.106
            0.316635  0.548428  0.000000
  -15.740  -14.962  -13.176   -3.183   -2.202    7.970    9.745   10.338
            0.333300  0.577293  0.000000
  -15.314  -15.312  -13.292   -2.691   -2.689    7.932   10.211   10.212
            0.341635  0.562862  0.000000
  -15.476  -15.176  -13.256   -2.917   -2.464    7.943   10.113   10.227
            0.349970  0.548431  0.000000
  -15.631  -15.103  -13.145   -3.134   -2.255    7.979    9.998   10.138
            0.358305  0.534000  0.000000
  -15.778  -15.089  -12.965   -3.339   -2.064    8.040    9.871    9.986
            0.366640  0.519569  0.000000
  -15.917  -15.118  -12.733   -3.534   -1.892    8.125    9.737    9.769
            0.374975  0.505138  0.000000
  -16.047  -15.174  -12.465   -3.717   -1.738    8.232    9.457    9.600
            0.383310  0.490707  0.000000
  -16.169  -15.247  -12.175   -3.888   -1.603    8.358    9.062    9.464
            0.391645  0.476276  0.000000
  -16.282  -15.326  -11.873   -4.049   -1.486    8.497    8.627    9.330
            0.399980  0.461846  0.000000
  -16.387  -15.408  -11.565   -4.197   -1.387    8.177    8.642    9.202
            0.408315  0.447415  0.000000
  -16.484  -15.489  -11.257   -4.335   -1.303    7.726    8.783    9.080
            0.416650  0.432984  0.000000
  -16.573  -15.566  -10.954   -4.460   -1.234    7.285    8.912    8.966
            0.424985  0.418553  0.000000
  -16.653  -15.639  -10.661   -4.573   -1.177    6.861    8.862    9.019
            0.433320  0.404122  0.000000
  -16.724  -15.705  -10.380   -4.675   -1.132    6.460    8.767    8.938
            0.441655  0.389691  0.000000
  -16.788  -15.765  -10.118   -4.765   -1.096    6.088    8.682    8.846
            0.449990  0.375260  0.000000
  -16.842  -15.818   -9.877   -4.843   -1.069    5.751    8.607    8.766
            0.458325  0.360829  0.000000
  -16.889  -15.863   -9.663   -4.909   -1.048    5.454    8.544    8.698
            0.466660  0.346399  0.000000
  -16.927  -15.900   -9.481   -4.963   -1.032    5.202    8.492    8.643
            0.474995  0.331968  0.000000
  -16.956  -15.930   -9.334   -5.006   -1.021    5.001    8.451    8.599
            0.483330  0.317537  0.000000
  -16.978  -15.950   -9.225   -5.036   -1.013    4.854    8.422    8.568
            0.491665  0.303106  0.000000
  -16.990  -15.963   -9.159   -5.054   -1.009    4.764    8.404    8.549
            0.500000  0.288675  0.000000
  -16.994  -15.967   -9.137   -5.060   -1.008    4.734    8.398    8.543
            0.475000  0.274241  0.000000
  -17.224  -15.716   -9.122   -5.155   -0.889    4.742    7.711    8.456
            0.450000  0.259808  0.000000
  -17.654  -15.220   -9.078   -5.413   -0.562    4.764    6.989    7.718
            0.425000  0.245374  0.000000
  -18.112  -14.652   -9.005   -5.773   -0.087    4.799    6.301    7.015
            0.400000  0.230940  0.000000
  -18.562  -14.050   -8.903   -6.186    0.482    4.843    5.655    6.348
            0.375000  0.216506  0.000000
  -18.994  -13.425   -8.773   -6.618    1.112    4.847    5.098    5.720
            0.350000  0.202073  0.000000
  -19.404  -12.784   -8.617   -7.051    1.779    4.419    5.019    5.132
            0.325000  0.187639  0.000000
  -19.788  -12.130   -8.436   -7.472    2.466    3.891    4.585    4.693
            0.300000  0.173205  0.000000
  -20.147  -11.468   -8.231   -7.875    3.152    3.393    4.085    4.179
            0.275000  0.158771  0.000000
  -20.479  -10.803   -8.254   -8.006    2.933    3.541    3.705    3.903
            0.250000  0.144338  0.000000
  -20.784  -10.140   -8.605   -7.762    2.512    3.154    3.272    3.860
            0.225000  0.129904  0.000000
  -21.061   -9.485   -8.928   -7.505    2.130    2.771    2.880    3.483
            0.200000  0.115470  0.000000
  -21.309   -9.220   -8.847   -7.238    1.789    2.425    2.530    3.138
            0.175000  0.101036  0.000000
  -21.529   -9.480   -8.233   -6.968    1.487    2.119    2.220    2.832
            0.150000  0.086603  0.000000
  -21.720   -9.706   -7.656   -6.702    1.225    1.853    1.952    2.567
            0.125000  0.072169  0.000000
  -21.882   -9.899   -7.127   -6.448    1.003    1.628    1.725    2.342
            0.100000  0.057735  0.000000
  -22.015  -10.057   -6.662   -6.218    0.822    1.443    1.540    2.158
            0.075000  0.043301  0.000000
  -22.119  -10.181   -6.276   -6.022    0.681    1.300    1.396    2.015
            0.050000  0.028868  0.000000
  -22.193  -10.269   -5.985   -5.871    0.580    1.198    1.292    1.912
            0.025000  0.014434  0.000000
  -22.237  -10.322   -5.804   -5.775    0.520    1.136    1.231    1.851
            0.000000  0.000000  0.000000
  -22.252  -10.340   -5.742   -5.742    0.500    1.116    1.210    1.830
